0 0.000114443
0 0.000228885
0 0.000343328
0 0.000457771
0 0.000572213
0 0.000686656
0 0.000801099
0 0.000915541
0 0.00102998
0 0.00114443
0 0.00125887
0 0.00137331
0 0.00148775
0 0.0016022
0 0.00171664
0 0.00183108
0 0.00194553
0 0.00205997
0 0.00217441
0 0.00228885
0 0.0024033
0 0.00251774
0 0.00263218
0 0.00274662
0 0.00286107
0 0.00297551
0 0.00308995
0 0.00320439
0 0.00331884
0 0.00343328
0 0.00354772
0 0.00366217
0 0.00377661
0 0.00389105
0 0.00400549
0 0.00411994
0 0.00423438
0 0.00434882
0 0.00446326
0 0.00457771
0 0.00469215
0 0.00480659
0 0.00492103
0 0.00503548
0 0.00514992
0 0.00526436
0 0.00537881
0 0.00549325
0 0.00560769
0 0.00572213
0 0.00583658
0 0.00595102
0 0.00606546
0 0.0061799
0 0.00629435
0 0.00640879
0 0.00652323
0 0.00663767
0 0.00675212
0 0.00686656
0 0.006981
0 0.00709545
0 0.00720989
0 0.00732433
0 0.00743877
0 0.00755322
0 0.00766766
0 0.0077821
0 0.00789654
0 0.00801099
0 0.00812543
0 0.00823987
0 0.00835431
0 0.00846876
0 0.0085832
0 0.00869764
0 0.00881209
0 0.00892653
0 0.00904097
0 0.00915541
0 0.00926986
0 0.0093843
0 0.00949874
0 0.00961318
0 0.00972763
0 0.00984207
0 0.00995651
0 0.010071
0 0.0101854
0 0.0102998
0 0.0104143
0 0.0105287
0 0.0106432
0 0.0107576
0 0.0108721
0 0.0109865
0 0.0111009
0 0.0112154
0 0.0113298
0 0.0114443
0 0.0115587
0 0.0116732
0 0.0117876
0 0.011902
0 0.0120165
0 0.0121309
0 0.0122454
0 0.0123598
0 0.0124743
0 0.0125887
0 0.0127031
0 0.0128176
0 0.012932
0 0.0130465
0 0.0131609
0 0.0132753
0 0.0133898
0 0.0135042
0 0.0136187
0 0.0137331
0 0.0138476
0 0.013962
0 0.0140764
0 0.0141909
0 0.0143053
0 0.0144198
0 0.0145342
0 0.0146487
0 0.0147631
0 0.0148775
0 0.014992
0 0.0151064
0 0.0152209
0 0.0153353
0 0.0154498
0 0.0155642
0 0.0156786
0 0.0157931
0 0.0159075
0 0.016022
0 0.0161364
0 0.0162509
0 0.0163653
0 0.0164797
0 0.0165942
0 0.0167086
0 0.0168231
0 0.0169375
0 0.017052
0 0.0171664
0 0.0172808
0 0.0173953
0 0.0175097
0 0.0176242
0 0.0177386
0 0.0178531
0 0.0179675
0 0.0180819
0 0.0181964
0 0.0183108
0 0.0184253
0 0.0185397
0 0.0186542
0 0.0187686
0 0.018883
0 0.0189975
0 0.0191119
0 0.0192264
0 0.0193408
0 0.0194553
0 0.0195697
0 0.0196841
0 0.0197986
0 0.019913
0 0.0200275
0 0.0201419
0 0.0202564
0 0.0203708
0 0.0204852
0 0.0205997
0 0.0207141
0 0.0208286
0 0.020943
0 0.0210575
0 0.0211719
0 0.0212863
0 0.0214008
0 0.0215152
0 0.0216297
0 0.0217441
0 0.0218585
0 0.021973
0 0.0220874
0 0.0222019
0 0.0223163
0 0.0224308
0 0.0225452
0 0.0226596
0 0.0227741
0 0.0228885
0 0.023003
0 0.0231174
0 0.0232319
0 0.0233463
0 0.0234607
0 0.0235752
0 0.0236896
0 0.0238041
0 0.0239185
0 0.024033
0 0.0241474
0 0.0242618
0 0.0243763
0 0.0244907
0 0.0246052
0 0.0247196
0 0.0248341
0 0.0249485
0 0.0250629
0 0.0251774
0 0.0252918
0 0.0254063
0 0.0255207
0 0.0256352
0 0.0257496
0 0.025864
0 0.0259785
0 0.0260929
0 0.0262074
0 0.0263218
0 0.0264363
0 0.0265507
0 0.0266651
0 0.0267796
0 0.026894
0 0.0270085
0 0.0271229
0 0.0272374
0 0.0273518
0 0.0274662
0 0.0275807
0 0.0276951
0 0.0278096
0 0.027924
0 0.0280385
0 0.0281529
0 0.0282673
0 0.0283818
0 0.0284962
0 0.0286107
0 0.0287251
0 0.0288396
0 0.028954
0 0.0290684
0 0.0291829
0 0.0292973
0 0.0294118
0 0.0295262
0 0.0296407
0 0.0297551
0 0.0298695
0 0.029984
0 0.0300984
0 0.0302129
0 0.0303273
0 0.0304417
0 0.0305562
0 0.0306706
0 0.0307851
0 0.0308995
0 0.031014
0 0.0311284
0 0.0312428
0 0.0313573
0 0.0314717
0 0.0315862
0 0.0317006
0 0.0318151
0 0.0319295
0 0.0320439
0 0.0321584
0 0.0322728
0 0.0323873
0 0.0325017
0 0.0326162
0 0.0327306
0 0.032845
0 0.0329595
0 0.0330739
0 0.0331884
0 0.0333028
0 0.0334173
0 0.0335317
0 0.0336461
0 0.0337606
0 0.033875
0 0.0339895
0 0.0341039
0 0.0342184
0 0.0343328
0 0.0344472
0 0.0345617
0 0.0346761
0 0.0347906
0 0.034905
0 0.0350195
0 0.0351339
0 0.0352483
0 0.0353628
0 0.0354772
0 0.0355917
0 0.0357061
0 0.0358206
0 0.035935
0 0.0360494
0 0.0361639
0 0.0362783
0 0.0363928
0 0.0365072
0 0.0366217
0 0.0367361
0 0.0368505
0 0.036965
0 0.0370794
0 0.0371939
0 0.0373083
0 0.0374228
0 0.0375372
0 0.0376516
0 0.0377661
0 0.0378805
0 0.037995
0 0.0381094
0 0.0382238
0 0.0383383
0 0.0384527
0 0.0385672
0 0.0386816
0 0.0387961
0 0.0389105
0 0.0390249
0 0.0391394
0 0.0392538
0 0.0393683
0 0.0394827
0 0.0395972
0 0.0397116
0 0.039826
0 0.0399405
0 0.0400549
0 0.0401694
0 0.0402838
0 0.0403983
0 0.0405127
0 0.0406271
0 0.0407416
0 0.040856
0 0.0409705
0 0.0410849
0 0.0411994
0 0.0413138
0 0.0414282
0 0.0415427
0 0.0416571
0 0.0417716
0 0.041886
0 0.0420005
0 0.0421149
0 0.0422293
0 0.0423438
0 0.0424582
0 0.0425727
0 0.0426871
0 0.0428016
0 0.042916
0 0.0430304
0 0.0431449
0 0.0432593
0 0.0433738
0 0.0434882
0 0.0436027
0 0.0437171
0 0.0438315
0 0.043946
0 0.0440604
0 0.0441749
0 0.0442893
0 0.0444038
0 0.0445182
0 0.0446326
0 0.0447471
0 0.0448615
0 0.044976
0 0.0450904
0 0.0452049
0 0.0453193
0 0.0454337
0 0.0455482
0 0.0456626
0 0.0457771
0 0.0458915
0 0.046006
0 0.0461204
0 0.0462348
0 0.0463493
0 0.0464637
0 0.0465782
0 0.0466926
0 0.046807
0 0.0469215
0 0.0470359
0 0.0471504
0 0.0472648
0 0.0473793
0 0.0474937
0 0.0476081
0 0.0477226
0 0.047837
0 0.0479515
0 0.0480659
0 0.0481804
0 0.0482948
0 0.0484092
0 0.0485237
0 0.0486381
0 0.0487526
0 0.048867
0 0.0489815
0 0.0490959
0 0.0492103
0 0.0493248
0 0.0494392
0 0.0495537
0 0.0496681
0 0.0497826
0 0.049897
0 0.0500114
0 0.0501259
0 0.0502403
0 0.0503548
0 0.0504692
0 0.0505837
0 0.0506981
0 0.0508125
0 0.050927
0 0.0510414
0 0.0511559
0 0.0512703
0 0.0513848
0 0.0514992
0 0.0516136
0 0.0517281
0 0.0518425
0 0.051957
0 0.0520714
0 0.0521859
0 0.0523003
0 0.0524147
0 0.0525292
0 0.0526436
0 0.0527581
0 0.0528725
0 0.052987
0 0.0531014
0 0.0532158
0 0.0533303
0 0.0534447
0 0.0535592
0 0.0536736
0 0.0537881
0 0.0539025
0 0.0540169
0 0.0541314
0 0.0542458
0 0.0543603
0 0.0544747
0 0.0545892
0 0.0547036
0 0.054818
0 0.0549325
0 0.0550469
0 0.0551614
0 0.0552758
0 0.0553902
0 0.0555047
0 0.0556191
0 0.0557336
0 0.055848
0 0.0559625
0 0.0560769
0 0.0561913
0 0.0563058
0 0.0564202
0 0.0565347
0 0.0566491
0 0.0567636
0 0.056878
0 0.0569924
0 0.0571069
0 0.0572213
0 0.0573358
0 0.0574502
0 0.0575647
0 0.0576791
0 0.0577935
0 0.057908
0 0.0580224
0 0.0581369
0 0.0582513
0 0.0583658
0 0.0584802
0 0.0585946
0 0.0587091
0 0.0588235
0 0.058938
0 0.0590524
0 0.0591669
0 0.0592813
0 0.0593957
0 0.0595102
0 0.0596246
0 0.0597391
0 0.0598535
0 0.059968
0 0.0600824
0 0.0601968
0 0.0603113
0 0.0604257
0 0.0605402
0 0.0606546
0 0.0607691
0 0.0608835
0 0.0609979
0 0.0611124
0 0.0612268
0 0.0613413
0 0.0614557
0 0.0615702
0 0.0616846
0 0.061799
0 0.0619135
0 0.0620279
0 0.0621424
0 0.0622568
0 0.0623713
0 0.0624857
0 0.0626001
0 0.0627146
0 0.062829
0 0.0629435
0 0.0630579
0 0.0631724
0 0.0632868
0 0.0634012
0 0.0635157
0 0.0636301
0 0.0637446
0 0.063859
0 0.0639734
0 0.0640879
0 0.0642023
0 0.0643168
0 0.0644312
0 0.0645457
0 0.0646601
0 0.0647745
0 0.064889
0 0.0650034
0 0.0651179
0 0.0652323
0 0.0653468
0 0.0654612
0 0.0655756
0 0.0656901
0 0.0658045
0 0.065919
0 0.0660334
0 0.0661479
0 0.0662623
0 0.0663767
0 0.0664912
0 0.0666056
0 0.0667201
0 0.0668345
0 0.066949
0 0.0670634
0 0.0671778
0 0.0672923
0 0.0674067
0 0.0675212
0 0.0676356
0 0.0677501
0 0.0678645
0 0.0679789
0 0.0680934
0 0.0682078
0 0.0683223
0 0.0684367
0 0.0685512
0 0.0686656
0 0.06878
0 0.0688945
0 0.0690089
0 0.0691234
0 0.0692378
0 0.0693523
0 0.0694667
0 0.0695811
0 0.0696956
0 0.06981
0 0.0699245
0 0.0700389
0 0.0701534
0 0.0702678
0 0.0703822
0 0.0704967
0 0.0706111
0 0.0707256
0 0.07084
0 0.0709545
0 0.0710689
0 0.0711833
0 0.0712978
0 0.0714122
0 0.0715267
0 0.0716411
0 0.0717556
0 0.07187
0 0.0719844
0 0.0720989
0 0.0722133
0 0.0723278
0 0.0724422
0 0.0725566
0 0.0726711
0 0.0727855
0 0.0729
0 0.0730144
0 0.0731289
0 0.0732433
0 0.0733577
0 0.0734722
0 0.0735866
0 0.0737011
0 0.0738155
0 0.07393
0 0.0740444
0 0.0741588
0 0.0742733
0 0.0743877
0 0.0745022
0 0.0746166
0 0.0747311
0 0.0748455
0 0.0749599
0 0.0750744
0 0.0751888
0 0.0753033
0 0.0754177
0 0.0755322
0 0.0756466
0 0.075761
0 0.0758755
0 0.0759899
0 0.0761044
0 0.0762188
0 0.0763333
0 0.0764477
0 0.0765621
0 0.0766766
0 0.076791
0 0.0769055
0 0.0770199
0 0.0771344
0 0.0772488
0 0.0773632
0 0.0774777
0 0.0775921
0 0.0777066
0 0.077821
0 0.0779355
0 0.0780499
0 0.0781643
0 0.0782788
0 0.0783932
0 0.0785077
0 0.0786221
0 0.0787366
0 0.078851
0 0.0789654
0 0.0790799
0 0.0791943
0 0.0793088
0 0.0794232
0 0.0795377
0 0.0796521
0 0.0797665
0 0.079881
0 0.0799954
0 0.0801099
0 0.0802243
0 0.0803388
0 0.0804532
0 0.0805676
0 0.0806821
0 0.0807965
0 0.080911
0 0.0810254
0 0.0811398
0 0.0812543
0 0.0813687
0 0.0814832
0 0.0815976
0 0.0817121
0 0.0818265
0 0.0819409
0 0.0820554
0 0.0821698
0 0.0822843
0 0.0823987
0 0.0825132
0 0.0826276
0 0.082742
0 0.0828565
0 0.0829709
0 0.0830854
0 0.0831998
0 0.0833143
0 0.0834287
0 0.0835431
0 0.0836576
0 0.083772
0 0.0838865
0 0.0840009
0 0.0841154
0 0.0842298
0 0.0843442
0 0.0844587
0 0.0845731
0 0.0846876
0 0.084802
0 0.0849165
0 0.0850309
0 0.0851453
0 0.0852598
0 0.0853742
0 0.0854887
0 0.0856031
0 0.0857176
0 0.085832
0 0.0859464
0 0.0860609
0 0.0861753
0 0.0862898
0 0.0864042
0 0.0865187
0 0.0866331
0 0.0867475
0 0.086862
0 0.0869764
0 0.0870909
0 0.0872053
0 0.0873198
0 0.0874342
0 0.0875486
0 0.0876631
0 0.0877775
0 0.087892
0 0.0880064
0 0.0881209
0 0.0882353
0 0.0883497
0 0.0884642
0 0.0885786
0 0.0886931
0 0.0888075
0 0.088922
0 0.0890364
0 0.0891508
0 0.0892653
0 0.0893797
0 0.0894942
0 0.0896086
0 0.089723
0 0.0898375
0 0.0899519
0 0.0900664
0 0.0901808
0 0.0902953
0 0.0904097
0 0.0905241
0 0.0906386
0 0.090753
0 0.0908675
0 0.0909819
0 0.0910964
0 0.0912108
0 0.0913252
0 0.0914397
0 0.0915541
0 0.0916686
0 0.091783
0 0.0918975
0 0.0920119
0 0.0921263
0 0.0922408
0 0.0923552
0 0.0924697
0 0.0925841
0 0.0926986
0 0.092813
0 0.0929274
0 0.0930419
0 0.0931563
0 0.0932708
0 0.0933852
0 0.0934997
0 0.0936141
0 0.0937285
0 0.093843
0 0.0939574
0 0.0940719
0 0.0941863
0 0.0943008
0 0.0944152
0 0.0945296
0 0.0946441
0 0.0947585
0 0.094873
0 0.0949874
0 0.0951019
0 0.0952163
0 0.0953307
0 0.0954452
0 0.0955596
0 0.0956741
0 0.0957885
0 0.095903
0 0.0960174
0 0.0961318
0 0.0962463
0 0.0963607
0 0.0964752
0 0.0965896
0 0.0967041
0 0.0968185
0 0.0969329
0 0.0970474
0 0.0971618
0 0.0972763
0 0.0973907
0 0.0975051
0 0.0976196
0 0.097734
0 0.0978485
0 0.0979629
0 0.0980774
0 0.0981918
0 0.0983062
0 0.0984207
0 0.0985351
0 0.0986496
0 0.098764
0 0.0988785
0 0.0989929
0 0.0991073
0 0.0992218
0 0.0993362
0 0.0994507
0 0.0995651
0 0.0996796
0 0.099794
0 0.0999084
0 0.100023
0 0.100137
0 0.100252
0 0.100366
0 0.100481
0 0.100595
0 0.10071
0 0.100824
0 0.100938
0 0.101053
0 0.101167
0 0.101282
0 0.101396
0 0.101511
0 0.101625
0 0.10174
0 0.101854
0 0.101968
0 0.102083
0 0.102197
0 0.102312
0 0.102426
0 0.102541
0 0.102655
0 0.10277
0 0.102884
0 0.102998
0 0.103113
0 0.103227
0 0.103342
0 0.103456
0 0.103571
0 0.103685
0 0.103799
0 0.103914
0 0.104028
0 0.104143
0 0.104257
0 0.104372
0 0.104486
0 0.104601
0 0.104715
0 0.104829
0 0.104944
0 0.105058
0 0.105173
0 0.105287
0 0.105402
0 0.105516
0 0.105631
0 0.105745
0 0.105859
0 0.105974
0 0.106088
0 0.106203
0 0.106317
0 0.106432
0 0.106546
0 0.106661
0 0.106775
0 0.106889
0 0.107004
0 0.107118
0 0.107233
0 0.107347
0 0.107462
0 0.107576
0 0.107691
0 0.107805
0 0.107919
0 0.108034
0 0.108148
0 0.108263
0 0.108377
0 0.108492
0 0.108606
0 0.108721
0 0.108835
0 0.108949
0 0.109064
0 0.109178
0 0.109293
0 0.109407
0 0.109522
0 0.109636
0 0.109751
0 0.109865
0 0.109979
0 0.110094
0 0.110208
0 0.110323
0 0.110437
0 0.110552
0 0.110666
0 0.11078
0 0.110895
0 0.111009
0 0.111124
0 0.111238
0 0.111353
0 0.111467
0 0.111582
0 0.111696
0 0.11181
0 0.111925
0 0.112039
0 0.112154
0 0.112268
0 0.112383
0 0.112497
0 0.112612
0 0.112726
0 0.11284
0 0.112955
0 0.113069
0 0.113184
0 0.113298
0 0.113413
0 0.113527
0 0.113642
0 0.113756
0 0.11387
0 0.113985
0 0.114099
0 0.114214
0 0.114328
0 0.114443
0 0.114557
0 0.114672
0 0.114786
0 0.1149
0 0.115015
0 0.115129
0 0.115244
0 0.115358
0 0.115473
0 0.115587
0 0.115702
0 0.115816
0 0.11593
0 0.116045
0 0.116159
0 0.116274
0 0.116388
0 0.116503
0 0.116617
0 0.116732
0 0.116846
0 0.11696
0 0.117075
0 0.117189
0 0.117304
0 0.117418
0 0.117533
0 0.117647
0 0.117762
0 0.117876
0 0.11799
0 0.118105
0 0.118219
0 0.118334
0 0.118448
0 0.118563
0 0.118677
0 0.118791
0 0.118906
0 0.11902
0 0.119135
0 0.119249
0 0.119364
0 0.119478
0 0.119593
0 0.119707
0 0.119821
0 0.119936
0 0.12005
0 0.120165
0 0.120279
0 0.120394
0 0.120508
0 0.120623
0 0.120737
0 0.120851
0 0.120966
0 0.12108
0 0.121195
0 0.121309
0 0.121424
0 0.121538
0 0.121653
0 0.121767
0 0.121881
0 0.121996
0 0.12211
0 0.122225
0 0.122339
0 0.122454
0 0.122568
0 0.122683
0 0.122797
0 0.122911
0 0.123026
0 0.12314
0 0.123255
0 0.123369
0 0.123484
0 0.123598
0 0.123713
0 0.123827
0 0.123941
0 0.124056
0 0.12417
0 0.124285
0 0.124399
0 0.124514
0 0.124628
0 0.124743
0 0.124857
0 0.124971
0 0.125086
0 0.1252
0 0.125315
0 0.125429
0 0.125544
0 0.125658
0 0.125772
0 0.125887
0 0.126001
0 0.126116
0 0.12623
0 0.126345
0 0.126459
0 0.126574
0 0.126688
0 0.126802
0 0.126917
0 0.127031
0 0.127146
0 0.12726
0 0.127375
0 0.127489
0 0.127604
0 0.127718
0 0.127832
0 0.127947
0 0.128061
0 0.128176
0 0.12829
0 0.128405
0 0.128519
0 0.128634
0 0.128748
0 0.128862
0 0.128977
0 0.129091
0 0.129206
0 0.12932
0 0.129435
0 0.129549
0 0.129664
0 0.129778
0 0.129892
0 0.130007
0 0.130121
0 0.130236
0 0.13035
0 0.130465
0 0.130579
0 0.130694
0 0.130808
0 0.130922
0 0.131037
0 0.131151
0 0.131266
0 0.13138
0 0.131495
0 0.131609
0 0.131724
0 0.131838
0 0.131952
0 0.132067
0 0.132181
0 0.132296
0 0.13241
0 0.132525
0 0.132639
0 0.132753
0 0.132868
0 0.132982
0 0.133097
0 0.133211
0 0.133326
0 0.13344
0 0.133555
0 0.133669
0 0.133783
0 0.133898
0 0.134012
0 0.134127
0 0.134241
0 0.134356
0 0.13447
0 0.134585
0 0.134699
0 0.134813
0 0.134928
0 0.135042
0 0.135157
0 0.135271
0 0.135386
0 0.1355
0 0.135615
0 0.135729
0 0.135843
0 0.135958
0 0.136072
0 0.136187
0 0.136301
0 0.136416
0 0.13653
0 0.136645
0 0.136759
0 0.136873
0 0.136988
0 0.137102
0 0.137217
0 0.137331
0 0.137446
0 0.13756
0 0.137675
0 0.137789
0 0.137903
0 0.138018
0 0.138132
0 0.138247
0 0.138361
0 0.138476
0 0.13859
0 0.138705
0 0.138819
0 0.138933
0 0.139048
0 0.139162
0 0.139277
0 0.139391
0 0.139506
0 0.13962
0 0.139734
0 0.139849
0 0.139963
0 0.140078
0 0.140192
0 0.140307
0 0.140421
0 0.140536
0 0.14065
0 0.140764
0 0.140879
0 0.140993
0 0.141108
0 0.141222
0 0.141337
0 0.141451
0 0.141566
0 0.14168
0 0.141794
0 0.141909
0 0.142023
0 0.142138
0 0.142252
0 0.142367
0 0.142481
0 0.142596
0 0.14271
0 0.142824
0 0.142939
0 0.143053
0 0.143168
0 0.143282
0 0.143397
0 0.143511
0 0.143626
0 0.14374
0 0.143854
0 0.143969
0 0.144083
0 0.144198
0 0.144312
0 0.144427
0 0.144541
0 0.144656
0 0.14477
0 0.144884
0 0.144999
0 0.145113
0 0.145228
0 0.145342
0 0.145457
0 0.145571
0 0.145686
0 0.1458
0 0.145914
0 0.146029
0 0.146143
0 0.146258
0 0.146372
0 0.146487
0 0.146601
0 0.146715
0 0.14683
0 0.146944
0 0.147059
0 0.147173
0 0.147288
0 0.147402
0 0.147517
0 0.147631
0 0.147745
0 0.14786
0 0.147974
0 0.148089
0 0.148203
0 0.148318
0 0.148432
0 0.148547
0 0.148661
0 0.148775
0 0.14889
0 0.149004
0 0.149119
0 0.149233
0 0.149348
0 0.149462
0 0.149577
0 0.149691
0 0.149805
0 0.14992
0 0.150034
0 0.150149
0 0.150263
0 0.150378
0 0.150492
0 0.150607
0 0.150721
0 0.150835
0 0.15095
0 0.151064
0 0.151179
0 0.151293
0 0.151408
0 0.151522
0 0.151637
0 0.151751
0 0.151865
0 0.15198
0 0.152094
0 0.152209
0 0.152323
0 0.152438
0 0.152552
0 0.152667
0 0.152781
0 0.152895
0 0.15301
0 0.153124
0 0.153239
0 0.153353
0 0.153468
0 0.153582
0 0.153696
0 0.153811
0 0.153925
0 0.15404
0 0.154154
0 0.154269
0 0.154383
0 0.154498
0 0.154612
0 0.154726
0 0.154841
0 0.154955
0 0.15507
0 0.155184
0 0.155299
0 0.155413
0 0.155528
0 0.155642
0 0.155756
0 0.155871
0 0.155985
0 0.1561
0 0.156214
0 0.156329
0 0.156443
0 0.156558
0 0.156672
0 0.156786
0 0.156901
0 0.157015
0 0.15713
0 0.157244
0 0.157359
0 0.157473
0 0.157588
0 0.157702
0 0.157816
0 0.157931
0 0.158045
0 0.15816
0 0.158274
0 0.158389
0 0.158503
0 0.158618
0 0.158732
0 0.158846
0 0.158961
0 0.159075
0 0.15919
0 0.159304
0 0.159419
0 0.159533
0 0.159648
0 0.159762
0 0.159876
0 0.159991
0 0.160105
0 0.16022
0 0.160334
0 0.160449
0 0.160563
0 0.160678
0 0.160792
0 0.160906
0 0.161021
0 0.161135
0 0.16125
0 0.161364
0 0.161479
0 0.161593
0 0.161707
0 0.161822
0 0.161936
0 0.162051
0 0.162165
0 0.16228
0 0.162394
0 0.162509
0 0.162623
0 0.162737
0 0.162852
0 0.162966
0 0.163081
0 0.163195
0 0.16331
0 0.163424
0 0.163539
0 0.163653
0 0.163767
0 0.163882
0 0.163996
0 0.164111
0 0.164225
0 0.16434
0 0.164454
0 0.164569
0 0.164683
0 0.164797
0 0.164912
0 0.165026
0 0.165141
0 0.165255
0 0.16537
0 0.165484
0 0.165599
0 0.165713
0 0.165827
0 0.165942
0 0.166056
0 0.166171
0 0.166285
0 0.1664
0 0.166514
0 0.166629
0 0.166743
0 0.166857
0 0.166972
0 0.167086
0 0.167201
0 0.167315
0 0.16743
0 0.167544
0 0.167659
0 0.167773
0 0.167887
0 0.168002
0 0.168116
0 0.168231
0 0.168345
0 0.16846
0 0.168574
0 0.168688
0 0.168803
0 0.168917
0 0.169032
0 0.169146
0 0.169261
0 0.169375
0 0.16949
0 0.169604
0 0.169718
0 0.169833
0 0.169947
0 0.170062
0 0.170176
0 0.170291
0 0.170405
0 0.17052
0 0.170634
0 0.170748
0 0.170863
0 0.170977
0 0.171092
0 0.171206
0 0.171321
0 0.171435
0 0.17155
0 0.171664
0 0.171778
0 0.171893
0 0.172007
0 0.172122
0 0.172236
0 0.172351
0 0.172465
0 0.17258
0 0.172694
0 0.172808
0 0.172923
0 0.173037
0 0.173152
0 0.173266
0 0.173381
0 0.173495
0 0.17361
0 0.173724
0 0.173838
0 0.173953
0 0.174067
0 0.174182
0 0.174296
0 0.174411
0 0.174525
0 0.17464
0 0.174754
0 0.174868
0 0.174983
0 0.175097
0 0.175212
0 0.175326
0 0.175441
0 0.175555
0 0.175669
0 0.175784
0 0.175898
0 0.176013
0 0.176127
0 0.176242
0 0.176356
0 0.176471
0 0.176585
0 0.176699
0 0.176814
0 0.176928
0 0.177043
0 0.177157
0 0.177272
0 0.177386
0 0.177501
0 0.177615
0 0.177729
0 0.177844
0 0.177958
0 0.178073
0 0.178187
0 0.178302
0 0.178416
0 0.178531
0 0.178645
0 0.178759
0 0.178874
0 0.178988
0 0.179103
0 0.179217
0 0.179332
0 0.179446
0 0.179561
0 0.179675
0 0.179789
0 0.179904
0 0.180018
0 0.180133
0 0.180247
0 0.180362
0 0.180476
0 0.180591
0 0.180705
0 0.180819
0 0.180934
0 0.181048
0 0.181163
0 0.181277
0 0.181392
0 0.181506
0 0.181621
0 0.181735
0 0.181849
0 0.181964
0 0.182078
0 0.182193
0 0.182307
0 0.182422
0 0.182536
0 0.18265
0 0.182765
0 0.182879
0 0.182994
0 0.183108
0 0.183223
0 0.183337
0 0.183452
0 0.183566
0 0.18368
0 0.183795
0 0.183909
0 0.184024
0 0.184138
0 0.184253
0 0.184367
0 0.184482
0 0.184596
0 0.18471
0 0.184825
0 0.184939
0 0.185054
0 0.185168
0 0.185283
0 0.185397
0 0.185512
0 0.185626
0 0.18574
0 0.185855
0 0.185969
0 0.186084
0 0.186198
0 0.186313
0 0.186427
0 0.186542
0 0.186656
0 0.18677
0 0.186885
0 0.186999
0 0.187114
0 0.187228
0 0.187343
0 0.187457
0 0.187572
0 0.187686
0 0.1878
0 0.187915
0 0.188029
0 0.188144
0 0.188258
0 0.188373
0 0.188487
0 0.188602
0 0.188716
0 0.18883
0 0.188945
0 0.189059
0 0.189174
0 0.189288
0 0.189403
0 0.189517
0 0.189631
0 0.189746
0 0.18986
0 0.189975
0 0.190089
0 0.190204
0 0.190318
0 0.190433
0 0.190547
0 0.190661
0 0.190776
0 0.19089
0 0.191005
0 0.191119
0 0.191234
0 0.191348
0 0.191463
0 0.191577
0 0.191691
0 0.191806
0 0.19192
0 0.192035
0 0.192149
0 0.192264
0 0.192378
0 0.192493
0 0.192607
0 0.192721
0 0.192836
0 0.19295
0 0.193065
0 0.193179
0 0.193294
0 0.193408
0 0.193523
0 0.193637
0 0.193751
0 0.193866
0 0.19398
0 0.194095
0 0.194209
0 0.194324
0 0.194438
0 0.194553
0 0.194667
0 0.194781
0 0.194896
0 0.19501
0 0.195125
0 0.195239
0 0.195354
0 0.195468
0 0.195583
0 0.195697
0 0.195811
0 0.195926
0 0.19604
0 0.196155
0 0.196269
0 0.196384
0 0.196498
0 0.196612
0 0.196727
0 0.196841
0 0.196956
0 0.19707
0 0.197185
0 0.197299
0 0.197414
0 0.197528
0 0.197642
0 0.197757
0 0.197871
0 0.197986
0 0.1981
0 0.198215
0 0.198329
0 0.198444
0 0.198558
0 0.198672
0 0.198787
0 0.198901
0 0.199016
0 0.19913
0 0.199245
0 0.199359
0 0.199474
0 0.199588
0 0.199702
0 0.199817
0 0.199931
0 0.200046
0 0.20016
0 0.200275
0 0.200389
0 0.200504
0 0.200618
0 0.200732
0 0.200847
0 0.200961
0 0.201076
0 0.20119
0 0.201305
0 0.201419
0 0.201534
0 0.201648
0 0.201762
0 0.201877
0 0.201991
0 0.202106
0 0.20222
0 0.202335
0 0.202449
0 0.202564
0 0.202678
0 0.202792
0 0.202907
0 0.203021
0 0.203136
0 0.20325
0 0.203365
0 0.203479
0 0.203593
0 0.203708
0 0.203822
0 0.203937
0 0.204051
0 0.204166
0 0.20428
0 0.204395
0 0.204509
0 0.204623
0 0.204738
0 0.204852
0 0.204967
0 0.205081
0 0.205196
0 0.20531
0 0.205425
0 0.205539
0 0.205653
0 0.205768
0 0.205882
0 0.205997
0 0.206111
0 0.206226
0 0.20634
0 0.206455
0 0.206569
0 0.206683
0 0.206798
0 0.206912
0 0.207027
0 0.207141
0 0.207256
0 0.20737
0 0.207485
0 0.207599
0 0.207713
0 0.207828
0 0.207942
0 0.208057
0 0.208171
0 0.208286
0 0.2084
0 0.208515
0 0.208629
0 0.208743
0 0.208858
0 0.208972
0 0.209087
0 0.209201
0 0.209316
0 0.20943
0 0.209545
0 0.209659
0 0.209773
0 0.209888
0 0.210002
0 0.210117
0 0.210231
0 0.210346
0 0.21046
0 0.210575
0 0.210689
0 0.210803
0 0.210918
0 0.211032
0 0.211147
0 0.211261
0 0.211376
0 0.21149
0 0.211604
0 0.211719
0 0.211833
0 0.211948
0 0.212062
0 0.212177
0 0.212291
0 0.212406
0 0.21252
0 0.212634
0 0.212749
0 0.212863
0 0.212978
0 0.213092
0 0.213207
0 0.213321
0 0.213436
0 0.21355
0 0.213664
0 0.213779
0 0.213893
0 0.214008
0 0.214122
0 0.214237
0 0.214351
0 0.214466
0 0.21458
0 0.214694
0 0.214809
0 0.214923
0 0.215038
0 0.215152
0 0.215267
0 0.215381
0 0.215496
0 0.21561
0 0.215724
0 0.215839
0 0.215953
0 0.216068
0 0.216182
0 0.216297
0 0.216411
0 0.216526
0 0.21664
0 0.216754
0 0.216869
0 0.216983
0 0.217098
0 0.217212
0 0.217327
0 0.217441
0 0.217556
0 0.21767
0 0.217784
0 0.217899
0 0.218013
0 0.218128
0 0.218242
0 0.218357
0 0.218471
0 0.218585
0 0.2187
0 0.218814
0 0.218929
0 0.219043
0 0.219158
0 0.219272
0 0.219387
0 0.219501
0 0.219615
0 0.21973
0 0.219844
0 0.219959
0 0.220073
0 0.220188
0 0.220302
0 0.220417
0 0.220531
0 0.220645
0 0.22076
0 0.220874
0 0.220989
0 0.221103
0 0.221218
0 0.221332
0 0.221447
0 0.221561
0 0.221675
0 0.22179
0 0.221904
0 0.222019
0 0.222133
0 0.222248
0 0.222362
0 0.222477
0 0.222591
0 0.222705
0 0.22282
0 0.222934
0 0.223049
0 0.223163
0 0.223278
0 0.223392
0 0.223507
0 0.223621
0 0.223735
0 0.22385
0 0.223964
0 0.224079
0 0.224193
0 0.224308
0 0.224422
0 0.224537
0 0.224651
0 0.224765
0 0.22488
0 0.224994
0 0.225109
0 0.225223
0 0.225338
0 0.225452
0 0.225566
0 0.225681
0 0.225795
0 0.22591
0 0.226024
0 0.226139
0 0.226253
0 0.226368
0 0.226482
0 0.226596
0 0.226711
0 0.226825
0 0.22694
0 0.227054
1 0.227169
1 0.227283
1 0.227398
1 0.227512
1 0.227626
1 0.227741
1 0.227855
1 0.22797
1 0.228084
1 0.228199
1 0.228313
1 0.228428
1 0.228542
1 0.228656
1 0.228771
1 0.228885
1 0.229
1 0.229114
1 0.229229
1 0.229343
1 0.229458
1 0.229572
1 0.229686
1 0.229801
1 0.229915
1 0.23003
1 0.230144
1 0.230259
1 0.230373
1 0.230488
1 0.230602
1 0.230716
1 0.230831
1 0.230945
1 0.23106
1 0.231174
1 0.231289
1 0.231403
1 0.231518
1 0.231632
1 0.231746
1 0.231861
1 0.231975
1 0.23209
1 0.232204
1 0.232319
1 0.232433
1 0.232547
1 0.232662
1 0.232776
1 0.232891
1 0.233005
1 0.23312
1 0.233234
1 0.233349
1 0.233463
1 0.233577
1 0.233692
1 0.233806
1 0.233921
1 0.234035
1 0.23415
1 0.234264
1 0.234379
1 0.234493
1 0.234607
1 0.234722
1 0.234836
1 0.234951
1 0.235065
1 0.23518
1 0.235294
1 0.235409
1 0.235523
1 0.235637
1 0.235752
1 0.235866
1 0.235981
1 0.236095
1 0.23621
1 0.236324
1 0.236439
1 0.236553
1 0.236667
1 0.236782
1 0.236896
1 0.237011
1 0.237125
1 0.23724
1 0.237354
1 0.237469
1 0.237583
1 0.237697
1 0.237812
1 0.237926
1 0.238041
1 0.238155
1 0.23827
1 0.238384
1 0.238499
1 0.238613
1 0.238727
1 0.238842
1 0.238956
1 0.239071
1 0.239185
1 0.2393
1 0.239414
1 0.239528
1 0.239643
1 0.239757
1 0.239872
1 0.239986
1 0.240101
1 0.240215
1 0.24033
1 0.240444
1 0.240558
1 0.240673
1 0.240787
1 0.240902
1 0.241016
1 0.241131
1 0.241245
1 0.24136
1 0.241474
1 0.241588
1 0.241703
1 0.241817
1 0.241932
1 0.242046
1 0.242161
1 0.242275
1 0.24239
1 0.242504
1 0.242618
1 0.242733
1 0.242847
1 0.242962
1 0.243076
1 0.243191
1 0.243305
1 0.24342
1 0.243534
1 0.243648
1 0.243763
1 0.243877
1 0.243992
1 0.244106
1 0.244221
1 0.244335
1 0.24445
1 0.244564
1 0.244678
1 0.244793
1 0.244907
1 0.245022
1 0.245136
1 0.245251
1 0.245365
1 0.24548
1 0.245594
1 0.245708
1 0.245823
1 0.245937
1 0.246052
1 0.246166
1 0.246281
1 0.246395
1 0.246509
1 0.246624
1 0.246738
1 0.246853
1 0.246967
1 0.247082
1 0.247196
1 0.247311
1 0.247425
1 0.247539
1 0.247654
1 0.247768
1 0.247883
1 0.247997
1 0.248112
1 0.248226
1 0.248341
1 0.248455
1 0.248569
1 0.248684
1 0.248798
1 0.248913
1 0.249027
1 0.249142
1 0.249256
1 0.249371
1 0.249485
1 0.249599
1 0.249714
1 0.249828
1 0.249943
1 0.250057
1 0.250172
1 0.250286
1 0.250401
1 0.250515
1 0.250629
1 0.250744
1 0.250858
1 0.250973
1 0.251087
1 0.251202
1 0.251316
1 0.251431
1 0.251545
1 0.251659
1 0.251774
1 0.251888
1 0.252003
1 0.252117
1 0.252232
1 0.252346
1 0.252461
1 0.252575
1 0.252689
1 0.252804
1 0.252918
1 0.253033
1 0.253147
1 0.253262
1 0.253376
1 0.253491
1 0.253605
1 0.253719
1 0.253834
1 0.253948
1 0.254063
1 0.254177
1 0.254292
1 0.254406
1 0.25452
1 0.254635
1 0.254749
1 0.254864
1 0.254978
1 0.255093
1 0.255207
1 0.255322
1 0.255436
1 0.25555
1 0.255665
1 0.255779
1 0.255894
1 0.256008
1 0.256123
1 0.256237
1 0.256352
1 0.256466
1 0.25658
1 0.256695
1 0.256809
1 0.256924
1 0.257038
1 0.257153
1 0.257267
1 0.257382
1 0.257496
1 0.25761
1 0.257725
1 0.257839
1 0.257954
1 0.258068
1 0.258183
1 0.258297
1 0.258412
1 0.258526
1 0.25864
1 0.258755
1 0.258869
1 0.258984
1 0.259098
1 0.259213
1 0.259327
1 0.259442
1 0.259556
1 0.25967
1 0.259785
1 0.259899
1 0.260014
1 0.260128
1 0.260243
1 0.260357
1 0.260472
1 0.260586
1 0.2607
1 0.260815
1 0.260929
1 0.261044
1 0.261158
1 0.261273
1 0.261387
1 0.261501
1 0.261616
1 0.26173
1 0.261845
1 0.261959
1 0.262074
1 0.262188
1 0.262303
1 0.262417
1 0.262531
1 0.262646
1 0.26276
1 0.262875
1 0.262989
1 0.263104
1 0.263218
1 0.263333
1 0.263447
1 0.263561
1 0.263676
1 0.26379
1 0.263905
1 0.264019
1 0.264134
1 0.264248
1 0.264363
1 0.264477
1 0.264591
1 0.264706
1 0.26482
1 0.264935
1 0.265049
1 0.265164
1 0.265278
1 0.265393
1 0.265507
1 0.265621
1 0.265736
1 0.26585
1 0.265965
1 0.266079
1 0.266194
1 0.266308
1 0.266423
1 0.266537
1 0.266651
1 0.266766
1 0.26688
1 0.266995
1 0.267109
1 0.267224
1 0.267338
1 0.267453
1 0.267567
1 0.267681
1 0.267796
1 0.26791
1 0.268025
1 0.268139
1 0.268254
1 0.268368
1 0.268482
1 0.268597
1 0.268711
1 0.268826
1 0.26894
1 0.269055
1 0.269169
1 0.269284
1 0.269398
1 0.269512
1 0.269627
1 0.269741
1 0.269856
1 0.26997
1 0.270085
1 0.270199
1 0.270314
1 0.270428
1 0.270542
1 0.270657
1 0.270771
1 0.270886
1 0.271
1 0.271115
1 0.271229
1 0.271344
1 0.271458
1 0.271572
1 0.271687
1 0.271801
1 0.271916
1 0.27203
1 0.272145
1 0.272259
1 0.272374
1 0.272488
1 0.272602
1 0.272717
1 0.272831
1 0.272946
1 0.27306
1 0.273175
1 0.273289
1 0.273404
1 0.273518
1 0.273632
1 0.273747
1 0.273861
1 0.273976
1 0.27409
1 0.274205
1 0.274319
1 0.274434
1 0.274548
1 0.274662
1 0.274777
1 0.274891
1 0.275006
1 0.27512
1 0.275235
1 0.275349
1 0.275463
1 0.275578
1 0.275692
1 0.275807
1 0.275921
1 0.276036
1 0.27615
1 0.276265
1 0.276379
1 0.276493
1 0.276608
1 0.276722
1 0.276837
1 0.276951
1 0.277066
1 0.27718
1 0.277295
1 0.277409
1 0.277523
1 0.277638
1 0.277752
1 0.277867
1 0.277981
1 0.278096
1 0.27821
1 0.278325
1 0.278439
1 0.278553
1 0.278668
1 0.278782
1 0.278897
1 0.279011
1 0.279126
1 0.27924
1 0.279355
1 0.279469
1 0.279583
1 0.279698
1 0.279812
1 0.279927
1 0.280041
1 0.280156
1 0.28027
1 0.280385
1 0.280499
1 0.280613
1 0.280728
1 0.280842
1 0.280957
1 0.281071
1 0.281186
1 0.2813
1 0.281415
1 0.281529
1 0.281643
1 0.281758
1 0.281872
1 0.281987
1 0.282101
1 0.282216
1 0.28233
1 0.282444
1 0.282559
1 0.282673
1 0.282788
1 0.282902
1 0.283017
1 0.283131
1 0.283246
1 0.28336
1 0.283474
1 0.283589
1 0.283703
1 0.283818
1 0.283932
1 0.284047
1 0.284161
1 0.284276
1 0.28439
1 0.284504
1 0.284619
1 0.284733
1 0.284848
1 0.284962
1 0.285077
1 0.285191
1 0.285306
1 0.28542
1 0.285534
1 0.285649
1 0.285763
1 0.285878
1 0.285992
1 0.286107
1 0.286221
1 0.286336
1 0.28645
1 0.286564
1 0.286679
1 0.286793
1 0.286908
1 0.287022
1 0.287137
1 0.287251
1 0.287366
1 0.28748
1 0.287594
1 0.287709
1 0.287823
1 0.287938
1 0.288052
1 0.288167
1 0.288281
1 0.288396
1 0.28851
1 0.288624
1 0.288739
1 0.288853
1 0.288968
1 0.289082
1 0.289197
1 0.289311
1 0.289425
1 0.28954
1 0.289654
1 0.289769
1 0.289883
1 0.289998
1 0.290112
1 0.290227
1 0.290341
1 0.290455
1 0.29057
1 0.290684
1 0.290799
1 0.290913
1 0.291028
1 0.291142
1 0.291257
1 0.291371
1 0.291485
1 0.2916
1 0.291714
1 0.291829
1 0.291943
1 0.292058
1 0.292172
1 0.292287
1 0.292401
1 0.292515
1 0.29263
1 0.292744
1 0.292859
1 0.292973
1 0.293088
1 0.293202
1 0.293317
1 0.293431
1 0.293545
1 0.29366
1 0.293774
1 0.293889
1 0.294003
1 0.294118
1 0.294232
1 0.294347
1 0.294461
1 0.294575
1 0.29469
1 0.294804
1 0.294919
1 0.295033
1 0.295148
1 0.295262
1 0.295377
1 0.295491
1 0.295605
1 0.29572
1 0.295834
1 0.295949
1 0.296063
1 0.296178
1 0.296292
1 0.296407
1 0.296521
1 0.296635
1 0.29675
1 0.296864
1 0.296979
1 0.297093
1 0.297208
1 0.297322
1 0.297436
1 0.297551
1 0.297665
1 0.29778
1 0.297894
1 0.298009
1 0.298123
1 0.298238
1 0.298352
1 0.298466
1 0.298581
1 0.298695
1 0.29881
1 0.298924
1 0.299039
1 0.299153
1 0.299268
1 0.299382
1 0.299496
1 0.299611
1 0.299725
1 0.29984
1 0.299954
1 0.300069
1 0.300183
1 0.300298
1 0.300412
1 0.300526
1 0.300641
1 0.300755
1 0.30087
1 0.300984
1 0.301099
1 0.301213
1 0.301328
1 0.301442
1 0.301556
1 0.301671
1 0.301785
1 0.3019
1 0.302014
1 0.302129
1 0.302243
1 0.302358
1 0.302472
1 0.302586
1 0.302701
1 0.302815
1 0.30293
1 0.303044
1 0.303159
1 0.303273
1 0.303388
1 0.303502
1 0.303616
1 0.303731
1 0.303845
1 0.30396
1 0.304074
1 0.304189
1 0.304303
1 0.304417
1 0.304532
1 0.304646
1 0.304761
1 0.304875
1 0.30499
1 0.305104
1 0.305219
1 0.305333
1 0.305447
1 0.305562
1 0.305676
1 0.305791
1 0.305905
1 0.30602
1 0.306134
1 0.306249
1 0.306363
1 0.306477
1 0.306592
1 0.306706
1 0.306821
1 0.306935
1 0.30705
1 0.307164
1 0.307279
1 0.307393
1 0.307507
1 0.307622
1 0.307736
1 0.307851
1 0.307965
1 0.30808
1 0.308194
1 0.308309
1 0.308423
1 0.308537
1 0.308652
1 0.308766
1 0.308881
1 0.308995
1 0.30911
1 0.309224
1 0.309339
1 0.309453
1 0.309567
1 0.309682
1 0.309796
1 0.309911
1 0.310025
1 0.31014
1 0.310254
1 0.310369
1 0.310483
1 0.310597
1 0.310712
1 0.310826
1 0.310941
1 0.311055
1 0.31117
1 0.311284
1 0.311398
1 0.311513
1 0.311627
1 0.311742
1 0.311856
1 0.311971
1 0.312085
1 0.3122
1 0.312314
1 0.312428
1 0.312543
1 0.312657
1 0.312772
1 0.312886
1 0.313001
1 0.313115
1 0.31323
1 0.313344
1 0.313458
1 0.313573
1 0.313687
1 0.313802
1 0.313916
1 0.314031
1 0.314145
1 0.31426
1 0.314374
1 0.314488
1 0.314603
1 0.314717
1 0.314832
1 0.314946
1 0.315061
1 0.315175
1 0.31529
1 0.315404
1 0.315518
1 0.315633
1 0.315747
1 0.315862
1 0.315976
1 0.316091
1 0.316205
1 0.31632
1 0.316434
1 0.316548
1 0.316663
1 0.316777
1 0.316892
1 0.317006
1 0.317121
1 0.317235
1 0.31735
1 0.317464
1 0.317578
1 0.317693
1 0.317807
1 0.317922
1 0.318036
1 0.318151
1 0.318265
1 0.318379
1 0.318494
1 0.318608
1 0.318723
1 0.318837
1 0.318952
1 0.319066
1 0.319181
1 0.319295
1 0.319409
1 0.319524
1 0.319638
1 0.319753
1 0.319867
1 0.319982
1 0.320096
1 0.320211
1 0.320325
1 0.320439
1 0.320554
1 0.320668
1 0.320783
1 0.320897
1 0.321012
1 0.321126
1 0.321241
1 0.321355
1 0.321469
1 0.321584
1 0.321698
1 0.321813
1 0.321927
1 0.322042
1 0.322156
1 0.322271
1 0.322385
1 0.322499
1 0.322614
1 0.322728
1 0.322843
1 0.322957
1 0.323072
1 0.323186
1 0.323301
1 0.323415
1 0.323529
1 0.323644
1 0.323758
1 0.323873
1 0.323987
1 0.324102
1 0.324216
1 0.324331
1 0.324445
1 0.324559
1 0.324674
1 0.324788
1 0.324903
1 0.325017
1 0.325132
1 0.325246
1 0.32536
1 0.325475
1 0.325589
1 0.325704
1 0.325818
1 0.325933
1 0.326047
1 0.326162
1 0.326276
1 0.32639
1 0.326505
1 0.326619
1 0.326734
1 0.326848
1 0.326963
1 0.327077
1 0.327192
1 0.327306
1 0.32742
1 0.327535
1 0.327649
1 0.327764
1 0.327878
1 0.327993
1 0.328107
1 0.328222
1 0.328336
1 0.32845
1 0.328565
1 0.328679
1 0.328794
1 0.328908
1 0.329023
1 0.329137
1 0.329252
1 0.329366
1 0.32948
1 0.329595
1 0.329709
1 0.329824
1 0.329938
1 0.330053
1 0.330167
1 0.330282
1 0.330396
1 0.33051
1 0.330625
1 0.330739
1 0.330854
1 0.330968
1 0.331083
1 0.331197
1 0.331312
1 0.331426
1 0.33154
1 0.331655
1 0.331769
1 0.331884
1 0.331998
1 0.332113
1 0.332227
1 0.332341
1 0.332456
1 0.33257
1 0.332685
1 0.332799
1 0.332914
1 0.333028
1 0.333143
1 0.333257
1 0.333371
1 0.333486
1 0.3336
1 0.333715
1 0.333829
1 0.333944
1 0.334058
1 0.334173
1 0.334287
1 0.334401
1 0.334516
1 0.33463
1 0.334745
1 0.334859
1 0.334974
1 0.335088
1 0.335203
1 0.335317
1 0.335431
1 0.335546
1 0.33566
1 0.335775
1 0.335889
1 0.336004
1 0.336118
1 0.336233
1 0.336347
1 0.336461
1 0.336576
1 0.33669
1 0.336805
1 0.336919
1 0.337034
1 0.337148
1 0.337263
1 0.337377
1 0.337491
1 0.337606
1 0.33772
1 0.337835
1 0.337949
1 0.338064
1 0.338178
1 0.338293
1 0.338407
1 0.338521
1 0.338636
1 0.33875
1 0.338865
1 0.338979
1 0.339094
1 0.339208
1 0.339322
1 0.339437
1 0.339551
1 0.339666
1 0.33978
1 0.339895
1 0.340009
1 0.340124
1 0.340238
1 0.340352
1 0.340467
1 0.340581
1 0.340696
1 0.34081
1 0.340925
1 0.341039
1 0.341154
1 0.341268
1 0.341382
1 0.341497
1 0.341611
1 0.341726
1 0.34184
1 0.341955
1 0.342069
1 0.342184
1 0.342298
1 0.342412
1 0.342527
1 0.342641
1 0.342756
1 0.34287
1 0.342985
1 0.343099
1 0.343214
1 0.343328
1 0.343442
1 0.343557
1 0.343671
1 0.343786
1 0.3439
1 0.344015
1 0.344129
1 0.344244
1 0.344358
1 0.344472
1 0.344587
1 0.344701
1 0.344816
1 0.34493
1 0.345045
1 0.345159
1 0.345274
1 0.345388
1 0.345502
1 0.345617
1 0.345731
1 0.345846
1 0.34596
1 0.346075
1 0.346189
1 0.346304
1 0.346418
1 0.346532
1 0.346647
1 0.346761
1 0.346876
1 0.34699
1 0.347105
1 0.347219
1 0.347333
1 0.347448
1 0.347562
1 0.347677
1 0.347791
1 0.347906
1 0.34802
1 0.348135
1 0.348249
1 0.348363
1 0.348478
1 0.348592
1 0.348707
1 0.348821
1 0.348936
1 0.34905
1 0.349165
1 0.349279
1 0.349393
1 0.349508
1 0.349622
1 0.349737
1 0.349851
1 0.349966
1 0.35008
1 0.350195
1 0.350309
1 0.350423
1 0.350538
1 0.350652
1 0.350767
1 0.350881
1 0.350996
1 0.35111
1 0.351225
1 0.351339
1 0.351453
1 0.351568
1 0.351682
1 0.351797
1 0.351911
1 0.352026
1 0.35214
1 0.352255
1 0.352369
1 0.352483
1 0.352598
1 0.352712
1 0.352827
1 0.352941
1 0.353056
1 0.35317
1 0.353285
1 0.353399
1 0.353513
1 0.353628
1 0.353742
1 0.353857
1 0.353971
1 0.354086
1 0.3542
1 0.354314
1 0.354429
1 0.354543
1 0.354658
1 0.354772
1 0.354887
1 0.355001
1 0.355116
1 0.35523
1 0.355344
1 0.355459
1 0.355573
1 0.355688
1 0.355802
1 0.355917
1 0.356031
1 0.356146
1 0.35626
1 0.356374
1 0.356489
1 0.356603
1 0.356718
1 0.356832
1 0.356947
1 0.357061
1 0.357176
1 0.35729
1 0.357404
1 0.357519
1 0.357633
1 0.357748
1 0.357862
1 0.357977
1 0.358091
1 0.358206
1 0.35832
1 0.358434
1 0.358549
1 0.358663
1 0.358778
1 0.358892
1 0.359007
1 0.359121
1 0.359236
1 0.35935
1 0.359464
1 0.359579
1 0.359693
1 0.359808
1 0.359922
1 0.360037
1 0.360151
1 0.360266
1 0.36038
1 0.360494
1 0.360609
1 0.360723
1 0.360838
1 0.360952
1 0.361067
1 0.361181
1 0.361295
1 0.36141
1 0.361524
1 0.361639
1 0.361753
1 0.361868
1 0.361982
1 0.362097
1 0.362211
1 0.362325
1 0.36244
1 0.362554
1 0.362669
1 0.362783
1 0.362898
1 0.363012
1 0.363127
1 0.363241
1 0.363355
1 0.36347
1 0.363584
1 0.363699
1 0.363813
1 0.363928
1 0.364042
1 0.364157
1 0.364271
1 0.364385
1 0.3645
1 0.364614
1 0.364729
1 0.364843
1 0.364958
1 0.365072
1 0.365187
1 0.365301
1 0.365415
1 0.36553
1 0.365644
1 0.365759
1 0.365873
1 0.365988
1 0.366102
1 0.366217
1 0.366331
1 0.366445
1 0.36656
1 0.366674
1 0.366789
1 0.366903
1 0.367018
1 0.367132
1 0.367247
1 0.367361
1 0.367475
1 0.36759
1 0.367704
1 0.367819
1 0.367933
1 0.368048
1 0.368162
1 0.368276
1 0.368391
1 0.368505
1 0.36862
1 0.368734
1 0.368849
1 0.368963
1 0.369078
1 0.369192
1 0.369306
1 0.369421
1 0.369535
1 0.36965
1 0.369764
1 0.369879
1 0.369993
1 0.370108
1 0.370222
1 0.370336
1 0.370451
1 0.370565
1 0.37068
1 0.370794
1 0.370909
1 0.371023
1 0.371138
1 0.371252
1 0.371366
1 0.371481
1 0.371595
1 0.37171
1 0.371824
1 0.371939
1 0.372053
1 0.372168
1 0.372282
1 0.372396
1 0.372511
1 0.372625
1 0.37274
1 0.372854
1 0.372969
1 0.373083
1 0.373198
1 0.373312
1 0.373426
1 0.373541
1 0.373655
1 0.37377
1 0.373884
1 0.373999
1 0.374113
1 0.374228
1 0.374342
1 0.374456
1 0.374571
1 0.374685
1 0.3748
1 0.374914
1 0.375029
1 0.375143
1 0.375257
1 0.375372
1 0.375486
1 0.375601
1 0.375715
1 0.37583
1 0.375944
1 0.376059
1 0.376173
1 0.376287
1 0.376402
1 0.376516
1 0.376631
1 0.376745
1 0.37686
1 0.376974
1 0.377089
1 0.377203
1 0.377317
1 0.377432
1 0.377546
1 0.377661
1 0.377775
1 0.37789
1 0.378004
1 0.378119
1 0.378233
1 0.378347
1 0.378462
1 0.378576
1 0.378691
1 0.378805
1 0.37892
1 0.379034
1 0.379149
1 0.379263
1 0.379377
1 0.379492
1 0.379606
1 0.379721
1 0.379835
1 0.37995
1 0.380064
1 0.380179
1 0.380293
1 0.380407
1 0.380522
1 0.380636
1 0.380751
1 0.380865
1 0.38098
1 0.381094
1 0.381209
1 0.381323
1 0.381437
1 0.381552
1 0.381666
1 0.381781
1 0.381895
1 0.38201
1 0.382124
1 0.382238
1 0.382353
1 0.382467
1 0.382582
1 0.382696
1 0.382811
1 0.382925
2 0.38304
2 0.383154
2 0.383268
2 0.383383
2 0.383497
2 0.383612
2 0.383726
2 0.383841
2 0.383955
2 0.38407
2 0.384184
2 0.384298
2 0.384413
2 0.384527
2 0.384642
2 0.384756
2 0.384871
2 0.384985
2 0.3851
2 0.385214
2 0.385328
2 0.385443
2 0.385557
2 0.385672
2 0.385786
2 0.385901
2 0.386015
2 0.38613
2 0.386244
2 0.386358
2 0.386473
2 0.386587
2 0.386702
2 0.386816
2 0.386931
2 0.387045
2 0.38716
2 0.387274
2 0.387388
2 0.387503
2 0.387617
2 0.387732
2 0.387846
2 0.387961
2 0.388075
2 0.38819
2 0.388304
2 0.388418
2 0.388533
2 0.388647
2 0.388762
2 0.388876
2 0.388991
2 0.389105
2 0.38922
2 0.389334
2 0.389448
2 0.389563
2 0.389677
2 0.389792
2 0.389906
2 0.390021
2 0.390135
2 0.390249
2 0.390364
2 0.390478
2 0.390593
2 0.390707
2 0.390822
2 0.390936
2 0.391051
2 0.391165
2 0.391279
2 0.391394
2 0.391508
2 0.391623
2 0.391737
2 0.391852
2 0.391966
2 0.392081
2 0.392195
2 0.392309
2 0.392424
2 0.392538
2 0.392653
2 0.392767
2 0.392882
2 0.392996
2 0.393111
2 0.393225
2 0.393339
2 0.393454
2 0.393568
2 0.393683
2 0.393797
2 0.393912
2 0.394026
2 0.394141
2 0.394255
2 0.394369
2 0.394484
2 0.394598
2 0.394713
2 0.394827
2 0.394942
2 0.395056
2 0.395171
2 0.395285
2 0.395399
2 0.395514
2 0.395628
2 0.395743
2 0.395857
2 0.395972
2 0.396086
2 0.396201
2 0.396315
2 0.396429
2 0.396544
2 0.396658
2 0.396773
2 0.396887
2 0.397002
2 0.397116
2 0.39723
2 0.397345
2 0.397459
2 0.397574
2 0.397688
2 0.397803
2 0.397917
2 0.398032
2 0.398146
2 0.39826
2 0.398375
2 0.398489
2 0.398604
2 0.398718
2 0.398833
2 0.398947
2 0.399062
2 0.399176
2 0.39929
2 0.399405
2 0.399519
2 0.399634
2 0.399748
2 0.399863
2 0.399977
2 0.400092
2 0.400206
2 0.40032
2 0.400435
2 0.400549
2 0.400664
2 0.400778
2 0.400893
2 0.401007
2 0.401122
2 0.401236
2 0.40135
2 0.401465
2 0.401579
2 0.401694
2 0.401808
2 0.401923
2 0.402037
2 0.402152
2 0.402266
2 0.40238
2 0.402495
2 0.402609
2 0.402724
2 0.402838
2 0.402953
2 0.403067
2 0.403182
2 0.403296
2 0.40341
2 0.403525
2 0.403639
2 0.403754
2 0.403868
2 0.403983
2 0.404097
2 0.404211
2 0.404326
2 0.40444
2 0.404555
2 0.404669
2 0.404784
2 0.404898
2 0.405013
2 0.405127
2 0.405241
2 0.405356
2 0.40547
2 0.405585
2 0.405699
2 0.405814
2 0.405928
2 0.406043
2 0.406157
2 0.406271
2 0.406386
2 0.4065
2 0.406615
2 0.406729
2 0.406844
2 0.406958
2 0.407073
2 0.407187
2 0.407301
2 0.407416
2 0.40753
2 0.407645
2 0.407759
2 0.407874
2 0.407988
2 0.408103
2 0.408217
2 0.408331
2 0.408446
2 0.40856
2 0.408675
2 0.408789
2 0.408904
2 0.409018
2 0.409133
2 0.409247
2 0.409361
2 0.409476
2 0.40959
2 0.409705
2 0.409819
2 0.409934
2 0.410048
2 0.410163
2 0.410277
2 0.410391
2 0.410506
2 0.41062
2 0.410735
2 0.410849
2 0.410964
2 0.411078
2 0.411192
2 0.411307
2 0.411421
2 0.411536
2 0.41165
2 0.411765
2 0.411879
2 0.411994
2 0.412108
2 0.412222
2 0.412337
2 0.412451
2 0.412566
2 0.41268
2 0.412795
2 0.412909
2 0.413024
2 0.413138
2 0.413252
2 0.413367
2 0.413481
2 0.413596
2 0.41371
2 0.413825
2 0.413939
2 0.414054
2 0.414168
2 0.414282
2 0.414397
2 0.414511
2 0.414626
2 0.41474
2 0.414855
2 0.414969
2 0.415084
2 0.415198
2 0.415312
2 0.415427
2 0.415541
2 0.415656
2 0.41577
2 0.415885
2 0.415999
2 0.416114
2 0.416228
2 0.416342
2 0.416457
2 0.416571
2 0.416686
2 0.4168
2 0.416915
2 0.417029
2 0.417144
2 0.417258
2 0.417372
2 0.417487
2 0.417601
2 0.417716
2 0.41783
2 0.417945
2 0.418059
2 0.418173
2 0.418288
2 0.418402
2 0.418517
2 0.418631
2 0.418746
2 0.41886
2 0.418975
2 0.419089
2 0.419203
2 0.419318
2 0.419432
2 0.419547
2 0.419661
2 0.419776
2 0.41989
2 0.420005
2 0.420119
2 0.420233
2 0.420348
2 0.420462
2 0.420577
2 0.420691
2 0.420806
2 0.42092
2 0.421035
2 0.421149
2 0.421263
2 0.421378
2 0.421492
2 0.421607
2 0.421721
2 0.421836
2 0.42195
2 0.422065
2 0.422179
2 0.422293
2 0.422408
2 0.422522
2 0.422637
2 0.422751
2 0.422866
2 0.42298
2 0.423095
2 0.423209
2 0.423323
2 0.423438
2 0.423552
2 0.423667
2 0.423781
2 0.423896
2 0.42401
2 0.424125
2 0.424239
2 0.424353
2 0.424468
2 0.424582
2 0.424697
2 0.424811
2 0.424926
2 0.42504
2 0.425154
2 0.425269
2 0.425383
2 0.425498
2 0.425612
2 0.425727
2 0.425841
2 0.425956
2 0.42607
2 0.426184
2 0.426299
2 0.426413
2 0.426528
2 0.426642
2 0.426757
2 0.426871
2 0.426986
2 0.4271
2 0.427214
2 0.427329
2 0.427443
2 0.427558
2 0.427672
2 0.427787
2 0.427901
2 0.428016
2 0.42813
2 0.428244
2 0.428359
2 0.428473
2 0.428588
2 0.428702
2 0.428817
2 0.428931
2 0.429046
2 0.42916
2 0.429274
2 0.429389
2 0.429503
2 0.429618
2 0.429732
2 0.429847
2 0.429961
2 0.430076
2 0.43019
2 0.430304
2 0.430419
2 0.430533
2 0.430648
2 0.430762
2 0.430877
2 0.430991
2 0.431106
2 0.43122
2 0.431334
2 0.431449
2 0.431563
2 0.431678
2 0.431792
2 0.431907
2 0.432021
2 0.432136
2 0.43225
2 0.432364
2 0.432479
2 0.432593
2 0.432708
2 0.432822
2 0.432937
2 0.433051
2 0.433165
2 0.43328
2 0.433394
2 0.433509
2 0.433623
2 0.433738
2 0.433852
2 0.433967
2 0.434081
2 0.434195
2 0.43431
2 0.434424
2 0.434539
2 0.434653
2 0.434768
2 0.434882
2 0.434997
2 0.435111
2 0.435225
2 0.43534
2 0.435454
2 0.435569
2 0.435683
2 0.435798
2 0.435912
2 0.436027
2 0.436141
2 0.436255
2 0.43637
2 0.436484
2 0.436599
2 0.436713
2 0.436828
2 0.436942
2 0.437057
2 0.437171
2 0.437285
2 0.4374
2 0.437514
2 0.437629
2 0.437743
2 0.437858
2 0.437972
2 0.438087
2 0.438201
2 0.438315
2 0.43843
2 0.438544
2 0.438659
2 0.438773
2 0.438888
2 0.439002
2 0.439117
2 0.439231
2 0.439345
2 0.43946
2 0.439574
2 0.439689
2 0.439803
2 0.439918
2 0.440032
2 0.440146
2 0.440261
2 0.440375
2 0.44049
2 0.440604
2 0.440719
2 0.440833
2 0.440948
2 0.441062
2 0.441176
2 0.441291
2 0.441405
2 0.44152
2 0.441634
2 0.441749
2 0.441863
2 0.441978
2 0.442092
2 0.442206
2 0.442321
2 0.442435
2 0.44255
2 0.442664
2 0.442779
2 0.442893
2 0.443008
2 0.443122
2 0.443236
2 0.443351
2 0.443465
2 0.44358
2 0.443694
2 0.443809
2 0.443923
2 0.444038
2 0.444152
2 0.444266
2 0.444381
2 0.444495
2 0.44461
2 0.444724
2 0.444839
2 0.444953
2 0.445068
2 0.445182
2 0.445296
2 0.445411
2 0.445525
2 0.44564
2 0.445754
2 0.445869
2 0.445983
2 0.446098
2 0.446212
2 0.446326
2 0.446441
2 0.446555
2 0.44667
2 0.446784
2 0.446899
2 0.447013
2 0.447127
2 0.447242
2 0.447356
2 0.447471
2 0.447585
2 0.4477
2 0.447814
2 0.447929
2 0.448043
2 0.448157
2 0.448272
2 0.448386
2 0.448501
2 0.448615
2 0.44873
2 0.448844
2 0.448959
2 0.449073
2 0.449187
2 0.449302
2 0.449416
2 0.449531
2 0.449645
2 0.44976
2 0.449874
2 0.449989
2 0.450103
2 0.450217
2 0.450332
2 0.450446
2 0.450561
2 0.450675
2 0.45079
2 0.450904
2 0.451019
2 0.451133
2 0.451247
2 0.451362
2 0.451476
2 0.451591
2 0.451705
2 0.45182
2 0.451934
2 0.452049
2 0.452163
2 0.452277
2 0.452392
2 0.452506
2 0.452621
2 0.452735
2 0.45285
2 0.452964
2 0.453079
2 0.453193
2 0.453307
2 0.453422
2 0.453536
2 0.453651
2 0.453765
2 0.45388
2 0.453994
2 0.454108
2 0.454223
2 0.454337
2 0.454452
2 0.454566
2 0.454681
2 0.454795
2 0.45491
2 0.455024
2 0.455138
2 0.455253
2 0.455367
2 0.455482
2 0.455596
2 0.455711
2 0.455825
2 0.45594
2 0.456054
2 0.456168
2 0.456283
2 0.456397
2 0.456512
2 0.456626
2 0.456741
2 0.456855
2 0.45697
2 0.457084
2 0.457198
2 0.457313
2 0.457427
2 0.457542
2 0.457656
2 0.457771
2 0.457885
2 0.458
2 0.458114
2 0.458228
2 0.458343
2 0.458457
2 0.458572
2 0.458686
2 0.458801
2 0.458915
2 0.45903
2 0.459144
2 0.459258
2 0.459373
2 0.459487
2 0.459602
2 0.459716
2 0.459831
2 0.459945
2 0.46006
2 0.460174
2 0.460288
2 0.460403
2 0.460517
2 0.460632
2 0.460746
2 0.460861
2 0.460975
2 0.461089
2 0.461204
2 0.461318
2 0.461433
2 0.461547
2 0.461662
2 0.461776
2 0.461891
2 0.462005
2 0.462119
2 0.462234
2 0.462348
2 0.462463
2 0.462577
2 0.462692
2 0.462806
2 0.462921
2 0.463035
2 0.463149
2 0.463264
2 0.463378
2 0.463493
2 0.463607
2 0.463722
2 0.463836
2 0.463951
2 0.464065
2 0.464179
2 0.464294
2 0.464408
2 0.464523
2 0.464637
2 0.464752
2 0.464866
2 0.464981
2 0.465095
2 0.465209
2 0.465324
2 0.465438
2 0.465553
2 0.465667
2 0.465782
2 0.465896
2 0.466011
2 0.466125
2 0.466239
2 0.466354
2 0.466468
2 0.466583
2 0.466697
2 0.466812
2 0.466926
2 0.467041
2 0.467155
2 0.467269
2 0.467384
2 0.467498
2 0.467613
2 0.467727
2 0.467842
2 0.467956
2 0.46807
2 0.468185
2 0.468299
2 0.468414
2 0.468528
2 0.468643
2 0.468757
2 0.468872
2 0.468986
2 0.4691
2 0.469215
2 0.469329
2 0.469444
2 0.469558
2 0.469673
2 0.469787
2 0.469902
2 0.470016
2 0.47013
2 0.470245
2 0.470359
2 0.470474
2 0.470588
2 0.470703
2 0.470817
2 0.470932
2 0.471046
2 0.47116
2 0.471275
2 0.471389
2 0.471504
2 0.471618
2 0.471733
2 0.471847
2 0.471962
2 0.472076
2 0.47219
2 0.472305
2 0.472419
2 0.472534
2 0.472648
2 0.472763
2 0.472877
2 0.472992
2 0.473106
2 0.47322
2 0.473335
2 0.473449
2 0.473564
2 0.473678
2 0.473793
2 0.473907
2 0.474022
2 0.474136
2 0.47425
2 0.474365
2 0.474479
2 0.474594
2 0.474708
2 0.474823
2 0.474937
2 0.475051
2 0.475166
2 0.47528
2 0.475395
2 0.475509
2 0.475624
2 0.475738
2 0.475853
2 0.475967
2 0.476081
2 0.476196
2 0.47631
2 0.476425
2 0.476539
2 0.476654
2 0.476768
2 0.476883
2 0.476997
2 0.477111
2 0.477226
2 0.47734
2 0.477455
2 0.477569
2 0.477684
2 0.477798
2 0.477913
2 0.478027
2 0.478141
2 0.478256
2 0.47837
2 0.478485
2 0.478599
2 0.478714
2 0.478828
2 0.478943
2 0.479057
2 0.479171
2 0.479286
2 0.4794
2 0.479515
2 0.479629
2 0.479744
2 0.479858
2 0.479973
2 0.480087
2 0.480201
2 0.480316
2 0.48043
2 0.480545
2 0.480659
2 0.480774
2 0.480888
2 0.481003
2 0.481117
2 0.481231
2 0.481346
2 0.48146
2 0.481575
2 0.481689
2 0.481804
2 0.481918
2 0.482033
2 0.482147
2 0.482261
2 0.482376
2 0.48249
2 0.482605
2 0.482719
2 0.482834
2 0.482948
2 0.483062
2 0.483177
2 0.483291
2 0.483406
2 0.48352
2 0.483635
2 0.483749
2 0.483864
2 0.483978
2 0.484092
2 0.484207
2 0.484321
2 0.484436
2 0.48455
2 0.484665
2 0.484779
2 0.484894
2 0.485008
2 0.485122
2 0.485237
2 0.485351
2 0.485466
2 0.48558
2 0.485695
2 0.485809
2 0.485924
2 0.486038
2 0.486152
2 0.486267
2 0.486381
2 0.486496
2 0.48661
2 0.486725
2 0.486839
2 0.486954
2 0.487068
2 0.487182
2 0.487297
2 0.487411
2 0.487526
2 0.48764
2 0.487755
2 0.487869
2 0.487984
2 0.488098
2 0.488212
2 0.488327
2 0.488441
2 0.488556
2 0.48867
2 0.488785
2 0.488899
2 0.489014
2 0.489128
2 0.489242
2 0.489357
2 0.489471
2 0.489586
2 0.4897
2 0.489815
2 0.489929
2 0.490043
2 0.490158
2 0.490272
2 0.490387
2 0.490501
2 0.490616
2 0.49073
2 0.490845
2 0.490959
2 0.491073
2 0.491188
2 0.491302
2 0.491417
2 0.491531
2 0.491646
2 0.49176
2 0.491875
2 0.491989
2 0.492103
2 0.492218
2 0.492332
2 0.492447
2 0.492561
2 0.492676
2 0.49279
2 0.492905
2 0.493019
2 0.493133
2 0.493248
2 0.493362
2 0.493477
2 0.493591
2 0.493706
2 0.49382
2 0.493935
2 0.494049
2 0.494163
2 0.494278
2 0.494392
2 0.494507
2 0.494621
2 0.494736
2 0.49485
2 0.494965
2 0.495079
2 0.495193
2 0.495308
2 0.495422
2 0.495537
2 0.495651
2 0.495766
2 0.49588
2 0.495995
2 0.496109
2 0.496223
2 0.496338
2 0.496452
2 0.496567
2 0.496681
2 0.496796
2 0.49691
2 0.497024
2 0.497139
2 0.497253
2 0.497368
2 0.497482
2 0.497597
2 0.497711
2 0.497826
2 0.49794
2 0.498054
2 0.498169
2 0.498283
2 0.498398
2 0.498512
2 0.498627
2 0.498741
2 0.498856
3 0.49897
3 0.499084
3 0.499199
3 0.499313
3 0.499428
3 0.499542
3 0.499657
3 0.499771
3 0.499886
3 0.5
3 0.500114
3 0.500229
3 0.500343
3 0.500458
3 0.500572
3 0.500687
3 0.500801
3 0.500916
3 0.50103
3 0.501144
3 0.501259
3 0.501373
3 0.501488
3 0.501602
3 0.501717
3 0.501831
3 0.501946
3 0.50206
3 0.502174
3 0.502289
3 0.502403
3 0.502518
3 0.502632
3 0.502747
3 0.502861
3 0.502976
3 0.50309
3 0.503204
3 0.503319
3 0.503433
3 0.503548
3 0.503662
3 0.503777
3 0.503891
3 0.504005
3 0.50412
3 0.504234
3 0.504349
3 0.504463
3 0.504578
3 0.504692
3 0.504807
3 0.504921
3 0.505035
3 0.50515
3 0.505264
3 0.505379
3 0.505493
3 0.505608
3 0.505722
3 0.505837
3 0.505951
3 0.506065
3 0.50618
3 0.506294
3 0.506409
3 0.506523
3 0.506638
3 0.506752
3 0.506867
3 0.506981
3 0.507095
3 0.50721
3 0.507324
3 0.507439
3 0.507553
3 0.507668
3 0.507782
3 0.507897
3 0.508011
3 0.508125
3 0.50824
3 0.508354
3 0.508469
3 0.508583
3 0.508698
3 0.508812
3 0.508927
3 0.509041
3 0.509155
3 0.50927
3 0.509384
3 0.509499
3 0.509613
3 0.509728
3 0.509842
3 0.509957
3 0.510071
3 0.510185
3 0.5103
3 0.510414
3 0.510529
3 0.510643
3 0.510758
3 0.510872
3 0.510986
3 0.511101
3 0.511215
3 0.51133
3 0.511444
3 0.511559
3 0.511673
3 0.511788
3 0.511902
3 0.512016
3 0.512131
3 0.512245
3 0.51236
3 0.512474
3 0.512589
3 0.512703
3 0.512818
3 0.512932
3 0.513046
3 0.513161
3 0.513275
3 0.51339
3 0.513504
3 0.513619
3 0.513733
3 0.513848
3 0.513962
3 0.514076
3 0.514191
3 0.514305
3 0.51442
3 0.514534
3 0.514649
3 0.514763
3 0.514878
3 0.514992
3 0.515106
3 0.515221
3 0.515335
3 0.51545
3 0.515564
3 0.515679
3 0.515793
3 0.515908
3 0.516022
3 0.516136
3 0.516251
3 0.516365
3 0.51648
3 0.516594
3 0.516709
3 0.516823
3 0.516938
3 0.517052
3 0.517166
3 0.517281
3 0.517395
3 0.51751
3 0.517624
3 0.517739
3 0.517853
3 0.517967
3 0.518082
3 0.518196
3 0.518311
3 0.518425
3 0.51854
3 0.518654
3 0.518769
3 0.518883
3 0.518997
3 0.519112
3 0.519226
3 0.519341
3 0.519455
3 0.51957
3 0.519684
3 0.519799
3 0.519913
3 0.520027
3 0.520142
3 0.520256
3 0.520371
3 0.520485
3 0.5206
3 0.520714
3 0.520829
3 0.520943
3 0.521057
3 0.521172
3 0.521286
3 0.521401
3 0.521515
3 0.52163
3 0.521744
3 0.521859
3 0.521973
3 0.522087
3 0.522202
3 0.522316
3 0.522431
3 0.522545
3 0.52266
3 0.522774
3 0.522889
3 0.523003
3 0.523117
3 0.523232
3 0.523346
3 0.523461
3 0.523575
3 0.52369
3 0.523804
3 0.523919
3 0.524033
3 0.524147
3 0.524262
3 0.524376
3 0.524491
3 0.524605
3 0.52472
3 0.524834
3 0.524949
3 0.525063
3 0.525177
3 0.525292
3 0.525406
3 0.525521
3 0.525635
3 0.52575
3 0.525864
3 0.525978
3 0.526093
3 0.526207
3 0.526322
3 0.526436
3 0.526551
3 0.526665
3 0.52678
3 0.526894
3 0.527008
3 0.527123
3 0.527237
3 0.527352
3 0.527466
3 0.527581
3 0.527695
3 0.52781
3 0.527924
3 0.528038
3 0.528153
3 0.528267
3 0.528382
3 0.528496
3 0.528611
3 0.528725
3 0.52884
3 0.528954
3 0.529068
3 0.529183
3 0.529297
3 0.529412
3 0.529526
3 0.529641
3 0.529755
3 0.52987
3 0.529984
3 0.530098
3 0.530213
3 0.530327
3 0.530442
3 0.530556
3 0.530671
3 0.530785
3 0.5309
3 0.531014
3 0.531128
3 0.531243
3 0.531357
3 0.531472
3 0.531586
3 0.531701
3 0.531815
3 0.53193
3 0.532044
3 0.532158
3 0.532273
3 0.532387
3 0.532502
3 0.532616
3 0.532731
3 0.532845
3 0.532959
3 0.533074
3 0.533188
3 0.533303
3 0.533417
3 0.533532
3 0.533646
3 0.533761
3 0.533875
3 0.533989
3 0.534104
3 0.534218
3 0.534333
3 0.534447
3 0.534562
3 0.534676
3 0.534791
3 0.534905
3 0.535019
3 0.535134
3 0.535248
3 0.535363
3 0.535477
3 0.535592
3 0.535706
3 0.535821
3 0.535935
3 0.536049
3 0.536164
3 0.536278
3 0.536393
3 0.536507
3 0.536622
3 0.536736
3 0.536851
3 0.536965
3 0.537079
3 0.537194
3 0.537308
3 0.537423
3 0.537537
3 0.537652
3 0.537766
3 0.537881
3 0.537995
3 0.538109
3 0.538224
3 0.538338
3 0.538453
3 0.538567
3 0.538682
3 0.538796
3 0.538911
3 0.539025
3 0.539139
3 0.539254
3 0.539368
3 0.539483
3 0.539597
3 0.539712
3 0.539826
3 0.53994
3 0.540055
3 0.540169
3 0.540284
3 0.540398
3 0.540513
3 0.540627
3 0.540742
3 0.540856
3 0.54097
3 0.541085
3 0.541199
3 0.541314
3 0.541428
3 0.541543
3 0.541657
3 0.541772
3 0.541886
3 0.542
3 0.542115
3 0.542229
3 0.542344
3 0.542458
3 0.542573
3 0.542687
3 0.542802
3 0.542916
3 0.54303
3 0.543145
3 0.543259
3 0.543374
3 0.543488
3 0.543603
3 0.543717
3 0.543832
3 0.543946
3 0.54406
3 0.544175
3 0.544289
3 0.544404
3 0.544518
3 0.544633
3 0.544747
3 0.544862
3 0.544976
3 0.54509
3 0.545205
3 0.545319
3 0.545434
3 0.545548
3 0.545663
3 0.545777
3 0.545892
3 0.546006
3 0.54612
3 0.546235
3 0.546349
3 0.546464
3 0.546578
3 0.546693
3 0.546807
3 0.546921
3 0.547036
3 0.54715
3 0.547265
3 0.547379
3 0.547494
3 0.547608
3 0.547723
3 0.547837
3 0.547951
3 0.548066
3 0.54818
3 0.548295
3 0.548409
3 0.548524
3 0.548638
3 0.548753
3 0.548867
3 0.548981
3 0.549096
3 0.54921
3 0.549325
3 0.549439
3 0.549554
3 0.549668
3 0.549783
3 0.549897
3 0.550011
3 0.550126
3 0.55024
3 0.550355
3 0.550469
3 0.550584
3 0.550698
3 0.550813
3 0.550927
3 0.551041
3 0.551156
3 0.55127
3 0.551385
3 0.551499
3 0.551614
3 0.551728
3 0.551843
3 0.551957
3 0.552071
3 0.552186
3 0.5523
3 0.552415
3 0.552529
3 0.552644
3 0.552758
3 0.552873
3 0.552987
3 0.553101
3 0.553216
3 0.55333
3 0.553445
3 0.553559
3 0.553674
3 0.553788
3 0.553902
3 0.554017
3 0.554131
3 0.554246
3 0.55436
3 0.554475
3 0.554589
3 0.554704
3 0.554818
3 0.554932
3 0.555047
3 0.555161
3 0.555276
3 0.55539
3 0.555505
3 0.555619
3 0.555734
3 0.555848
3 0.555962
3 0.556077
3 0.556191
3 0.556306
3 0.55642
3 0.556535
3 0.556649
3 0.556764
3 0.556878
3 0.556992
3 0.557107
3 0.557221
3 0.557336
3 0.55745
3 0.557565
3 0.557679
3 0.557794
3 0.557908
3 0.558022
3 0.558137
3 0.558251
3 0.558366
3 0.55848
3 0.558595
3 0.558709
3 0.558824
3 0.558938
3 0.559052
3 0.559167
3 0.559281
3 0.559396
3 0.55951
3 0.559625
3 0.559739
3 0.559854
3 0.559968
3 0.560082
3 0.560197
3 0.560311
3 0.560426
3 0.56054
3 0.560655
3 0.560769
3 0.560883
3 0.560998
3 0.561112
3 0.561227
3 0.561341
3 0.561456
3 0.56157
3 0.561685
3 0.561799
3 0.561913
3 0.562028
3 0.562142
3 0.562257
3 0.562371
3 0.562486
3 0.5626
3 0.562715
3 0.562829
3 0.562943
3 0.563058
3 0.563172
3 0.563287
3 0.563401
3 0.563516
3 0.56363
3 0.563745
3 0.563859
3 0.563973
3 0.564088
3 0.564202
3 0.564317
3 0.564431
3 0.564546
3 0.56466
3 0.564775
3 0.564889
3 0.565003
3 0.565118
3 0.565232
3 0.565347
3 0.565461
3 0.565576
3 0.56569
3 0.565805
3 0.565919
3 0.566033
3 0.566148
3 0.566262
3 0.566377
3 0.566491
3 0.566606
3 0.56672
3 0.566835
3 0.566949
3 0.567063
3 0.567178
3 0.567292
3 0.567407
3 0.567521
3 0.567636
3 0.56775
3 0.567864
3 0.567979
3 0.568093
3 0.568208
3 0.568322
3 0.568437
3 0.568551
3 0.568666
3 0.56878
3 0.568894
3 0.569009
3 0.569123
3 0.569238
3 0.569352
3 0.569467
3 0.569581
3 0.569696
3 0.56981
3 0.569924
3 0.570039
3 0.570153
3 0.570268
3 0.570382
3 0.570497
3 0.570611
3 0.570726
3 0.57084
3 0.570954
3 0.571069
3 0.571183
3 0.571298
3 0.571412
3 0.571527
3 0.571641
3 0.571756
3 0.57187
3 0.571984
3 0.572099
3 0.572213
3 0.572328
3 0.572442
3 0.572557
3 0.572671
3 0.572786
3 0.5729
3 0.573014
3 0.573129
3 0.573243
3 0.573358
3 0.573472
3 0.573587
3 0.573701
3 0.573816
3 0.57393
3 0.574044
3 0.574159
3 0.574273
3 0.574388
3 0.574502
3 0.574617
3 0.574731
3 0.574846
3 0.57496
3 0.575074
3 0.575189
3 0.575303
3 0.575418
3 0.575532
3 0.575647
3 0.575761
3 0.575875
3 0.57599
3 0.576104
3 0.576219
3 0.576333
3 0.576448
3 0.576562
3 0.576677
3 0.576791
3 0.576905
3 0.57702
3 0.577134
3 0.577249
3 0.577363
3 0.577478
3 0.577592
3 0.577707
3 0.577821
3 0.577935
3 0.57805
3 0.578164
3 0.578279
3 0.578393
3 0.578508
3 0.578622
3 0.578737
3 0.578851
3 0.578965
3 0.57908
3 0.579194
3 0.579309
3 0.579423
3 0.579538
3 0.579652
3 0.579767
3 0.579881
3 0.579995
3 0.58011
3 0.580224
3 0.580339
3 0.580453
3 0.580568
3 0.580682
3 0.580797
3 0.580911
3 0.581025
3 0.58114
3 0.581254
3 0.581369
3 0.581483
3 0.581598
3 0.581712
3 0.581827
3 0.581941
3 0.582055
3 0.58217
3 0.582284
3 0.582399
3 0.582513
3 0.582628
3 0.582742
3 0.582856
3 0.582971
3 0.583085
3 0.5832
3 0.583314
3 0.583429
3 0.583543
3 0.583658
3 0.583772
3 0.583886
3 0.584001
3 0.584115
3 0.58423
3 0.584344
3 0.584459
4 0.584573
4 0.584688
4 0.584802
4 0.584916
4 0.585031
4 0.585145
4 0.58526
4 0.585374
4 0.585489
4 0.585603
4 0.585718
4 0.585832
4 0.585946
4 0.586061
4 0.586175
4 0.58629
4 0.586404
4 0.586519
4 0.586633
4 0.586748
4 0.586862
4 0.586976
4 0.587091
4 0.587205
4 0.58732
4 0.587434
4 0.587549
4 0.587663
4 0.587778
4 0.587892
4 0.588006
4 0.588121
4 0.588235
4 0.58835
4 0.588464
4 0.588579
4 0.588693
4 0.588808
4 0.588922
4 0.589036
4 0.589151
4 0.589265
4 0.58938
4 0.589494
4 0.589609
4 0.589723
4 0.589837
4 0.589952
4 0.590066
4 0.590181
4 0.590295
4 0.59041
4 0.590524
4 0.590639
4 0.590753
4 0.590867
4 0.590982
4 0.591096
4 0.591211
4 0.591325
4 0.59144
4 0.591554
4 0.591669
4 0.591783
4 0.591897
4 0.592012
4 0.592126
4 0.592241
4 0.592355
4 0.59247
4 0.592584
4 0.592699
4 0.592813
4 0.592927
4 0.593042
4 0.593156
4 0.593271
4 0.593385
4 0.5935
4 0.593614
4 0.593729
4 0.593843
4 0.593957
4 0.594072
4 0.594186
4 0.594301
4 0.594415
4 0.59453
4 0.594644
4 0.594759
4 0.594873
4 0.594987
4 0.595102
4 0.595216
4 0.595331
4 0.595445
4 0.59556
4 0.595674
4 0.595789
4 0.595903
4 0.596017
4 0.596132
4 0.596246
4 0.596361
4 0.596475
4 0.59659
4 0.596704
4 0.596818
4 0.596933
4 0.597047
4 0.597162
4 0.597276
4 0.597391
4 0.597505
4 0.59762
4 0.597734
4 0.597848
4 0.597963
4 0.598077
4 0.598192
4 0.598306
4 0.598421
4 0.598535
4 0.59865
4 0.598764
4 0.598878
4 0.598993
4 0.599107
4 0.599222
4 0.599336
4 0.599451
4 0.599565
4 0.59968
4 0.599794
4 0.599908
4 0.600023
4 0.600137
4 0.600252
4 0.600366
4 0.600481
4 0.600595
4 0.60071
4 0.600824
4 0.600938
4 0.601053
4 0.601167
4 0.601282
4 0.601396
4 0.601511
4 0.601625
4 0.60174
4 0.601854
4 0.601968
4 0.602083
4 0.602197
4 0.602312
4 0.602426
4 0.602541
4 0.602655
4 0.60277
4 0.602884
4 0.602998
4 0.603113
4 0.603227
4 0.603342
4 0.603456
4 0.603571
4 0.603685
4 0.603799
4 0.603914
4 0.604028
4 0.604143
4 0.604257
4 0.604372
4 0.604486
4 0.604601
4 0.604715
4 0.604829
4 0.604944
4 0.605058
4 0.605173
4 0.605287
4 0.605402
4 0.605516
4 0.605631
4 0.605745
4 0.605859
4 0.605974
4 0.606088
4 0.606203
4 0.606317
4 0.606432
4 0.606546
4 0.606661
4 0.606775
4 0.606889
4 0.607004
4 0.607118
4 0.607233
4 0.607347
4 0.607462
4 0.607576
4 0.607691
4 0.607805
4 0.607919
4 0.608034
4 0.608148
4 0.608263
4 0.608377
4 0.608492
4 0.608606
4 0.608721
4 0.608835
4 0.608949
4 0.609064
4 0.609178
4 0.609293
4 0.609407
4 0.609522
4 0.609636
4 0.609751
4 0.609865
4 0.609979
4 0.610094
4 0.610208
4 0.610323
4 0.610437
4 0.610552
4 0.610666
4 0.61078
4 0.610895
4 0.611009
4 0.611124
4 0.611238
4 0.611353
4 0.611467
4 0.611582
4 0.611696
4 0.61181
4 0.611925
4 0.612039
4 0.612154
4 0.612268
4 0.612383
4 0.612497
4 0.612612
4 0.612726
4 0.61284
4 0.612955
4 0.613069
4 0.613184
4 0.613298
4 0.613413
4 0.613527
4 0.613642
4 0.613756
4 0.61387
4 0.613985
4 0.614099
4 0.614214
4 0.614328
4 0.614443
4 0.614557
4 0.614672
4 0.614786
4 0.6149
4 0.615015
4 0.615129
4 0.615244
4 0.615358
4 0.615473
4 0.615587
4 0.615702
4 0.615816
4 0.61593
4 0.616045
4 0.616159
4 0.616274
4 0.616388
4 0.616503
4 0.616617
4 0.616732
4 0.616846
4 0.61696
4 0.617075
4 0.617189
4 0.617304
4 0.617418
4 0.617533
4 0.617647
4 0.617762
4 0.617876
4 0.61799
4 0.618105
4 0.618219
4 0.618334
4 0.618448
4 0.618563
4 0.618677
4 0.618791
4 0.618906
4 0.61902
4 0.619135
4 0.619249
4 0.619364
4 0.619478
4 0.619593
4 0.619707
4 0.619821
4 0.619936
4 0.62005
4 0.620165
4 0.620279
4 0.620394
4 0.620508
4 0.620623
4 0.620737
4 0.620851
4 0.620966
4 0.62108
4 0.621195
4 0.621309
4 0.621424
4 0.621538
4 0.621653
4 0.621767
4 0.621881
4 0.621996
4 0.62211
4 0.622225
4 0.622339
4 0.622454
4 0.622568
4 0.622683
4 0.622797
4 0.622911
4 0.623026
4 0.62314
4 0.623255
4 0.623369
4 0.623484
4 0.623598
4 0.623713
4 0.623827
4 0.623941
4 0.624056
4 0.62417
4 0.624285
4 0.624399
4 0.624514
4 0.624628
4 0.624743
4 0.624857
4 0.624971
4 0.625086
4 0.6252
4 0.625315
4 0.625429
4 0.625544
4 0.625658
4 0.625772
4 0.625887
4 0.626001
4 0.626116
4 0.62623
4 0.626345
4 0.626459
4 0.626574
4 0.626688
4 0.626802
4 0.626917
4 0.627031
4 0.627146
4 0.62726
4 0.627375
4 0.627489
4 0.627604
4 0.627718
4 0.627832
4 0.627947
4 0.628061
4 0.628176
4 0.62829
4 0.628405
4 0.628519
4 0.628634
4 0.628748
4 0.628862
4 0.628977
4 0.629091
4 0.629206
4 0.62932
4 0.629435
4 0.629549
4 0.629664
4 0.629778
4 0.629892
4 0.630007
4 0.630121
4 0.630236
4 0.63035
4 0.630465
4 0.630579
4 0.630694
4 0.630808
4 0.630922
4 0.631037
4 0.631151
4 0.631266
4 0.63138
4 0.631495
4 0.631609
4 0.631724
4 0.631838
4 0.631952
4 0.632067
4 0.632181
4 0.632296
4 0.63241
4 0.632525
4 0.632639
4 0.632753
4 0.632868
4 0.632982
4 0.633097
4 0.633211
4 0.633326
4 0.63344
4 0.633555
4 0.633669
4 0.633783
4 0.633898
4 0.634012
4 0.634127
4 0.634241
4 0.634356
4 0.63447
4 0.634585
4 0.634699
4 0.634813
4 0.634928
4 0.635042
4 0.635157
4 0.635271
4 0.635386
4 0.6355
4 0.635615
4 0.635729
4 0.635843
4 0.635958
4 0.636072
4 0.636187
4 0.636301
4 0.636416
4 0.63653
4 0.636645
4 0.636759
4 0.636873
4 0.636988
4 0.637102
4 0.637217
4 0.637331
4 0.637446
4 0.63756
4 0.637675
4 0.637789
4 0.637903
4 0.638018
4 0.638132
4 0.638247
4 0.638361
4 0.638476
4 0.63859
4 0.638705
4 0.638819
4 0.638933
4 0.639048
4 0.639162
4 0.639277
4 0.639391
4 0.639506
4 0.63962
4 0.639734
4 0.639849
4 0.639963
4 0.640078
4 0.640192
4 0.640307
4 0.640421
4 0.640536
4 0.64065
4 0.640764
4 0.640879
4 0.640993
4 0.641108
4 0.641222
4 0.641337
4 0.641451
4 0.641566
4 0.64168
4 0.641794
4 0.641909
4 0.642023
4 0.642138
4 0.642252
4 0.642367
4 0.642481
4 0.642596
4 0.64271
4 0.642824
4 0.642939
4 0.643053
4 0.643168
4 0.643282
4 0.643397
4 0.643511
4 0.643626
4 0.64374
4 0.643854
4 0.643969
4 0.644083
4 0.644198
4 0.644312
4 0.644427
4 0.644541
4 0.644656
4 0.64477
4 0.644884
4 0.644999
4 0.645113
4 0.645228
4 0.645342
4 0.645457
4 0.645571
4 0.645686
4 0.6458
4 0.645914
4 0.646029
4 0.646143
4 0.646258
4 0.646372
4 0.646487
4 0.646601
4 0.646715
4 0.64683
4 0.646944
4 0.647059
4 0.647173
4 0.647288
4 0.647402
4 0.647517
4 0.647631
4 0.647745
4 0.64786
4 0.647974
4 0.648089
4 0.648203
4 0.648318
4 0.648432
4 0.648547
4 0.648661
4 0.648775
4 0.64889
4 0.649004
4 0.649119
4 0.649233
4 0.649348
4 0.649462
4 0.649577
4 0.649691
4 0.649805
4 0.64992
4 0.650034
4 0.650149
4 0.650263
4 0.650378
4 0.650492
4 0.650607
4 0.650721
4 0.650835
4 0.65095
4 0.651064
4 0.651179
4 0.651293
4 0.651408
4 0.651522
4 0.651637
4 0.651751
4 0.651865
4 0.65198
4 0.652094
4 0.652209
4 0.652323
4 0.652438
4 0.652552
4 0.652667
4 0.652781
4 0.652895
4 0.65301
4 0.653124
4 0.653239
4 0.653353
4 0.653468
4 0.653582
4 0.653696
4 0.653811
4 0.653925
4 0.65404
4 0.654154
4 0.654269
4 0.654383
4 0.654498
4 0.654612
4 0.654726
4 0.654841
4 0.654955
5 0.65507
5 0.655184
5 0.655299
5 0.655413
5 0.655528
5 0.655642
5 0.655756
5 0.655871
5 0.655985
5 0.6561
5 0.656214
5 0.656329
5 0.656443
5 0.656558
5 0.656672
5 0.656786
5 0.656901
5 0.657015
5 0.65713
5 0.657244
5 0.657359
5 0.657473
5 0.657588
5 0.657702
5 0.657816
5 0.657931
5 0.658045
5 0.65816
5 0.658274
5 0.658389
5 0.658503
5 0.658618
5 0.658732
5 0.658846
5 0.658961
5 0.659075
5 0.65919
5 0.659304
5 0.659419
5 0.659533
5 0.659648
5 0.659762
5 0.659876
5 0.659991
5 0.660105
5 0.66022
5 0.660334
5 0.660449
5 0.660563
5 0.660678
5 0.660792
5 0.660906
5 0.661021
5 0.661135
5 0.66125
5 0.661364
5 0.661479
5 0.661593
5 0.661707
5 0.661822
5 0.661936
5 0.662051
5 0.662165
5 0.66228
5 0.662394
5 0.662509
5 0.662623
5 0.662737
5 0.662852
5 0.662966
5 0.663081
5 0.663195
5 0.66331
5 0.663424
5 0.663539
5 0.663653
5 0.663767
5 0.663882
5 0.663996
5 0.664111
5 0.664225
5 0.66434
5 0.664454
5 0.664569
5 0.664683
5 0.664797
5 0.664912
5 0.665026
5 0.665141
5 0.665255
5 0.66537
5 0.665484
5 0.665599
5 0.665713
5 0.665827
5 0.665942
5 0.666056
5 0.666171
5 0.666285
5 0.6664
5 0.666514
5 0.666629
5 0.666743
5 0.666857
5 0.666972
5 0.667086
5 0.667201
5 0.667315
5 0.66743
5 0.667544
5 0.667659
5 0.667773
5 0.667887
5 0.668002
5 0.668116
5 0.668231
5 0.668345
5 0.66846
5 0.668574
5 0.668688
5 0.668803
5 0.668917
5 0.669032
5 0.669146
5 0.669261
5 0.669375
5 0.66949
5 0.669604
5 0.669718
5 0.669833
5 0.669947
5 0.670062
5 0.670176
5 0.670291
5 0.670405
5 0.67052
5 0.670634
5 0.670748
5 0.670863
5 0.670977
5 0.671092
5 0.671206
5 0.671321
5 0.671435
5 0.67155
5 0.671664
5 0.671778
5 0.671893
5 0.672007
5 0.672122
5 0.672236
5 0.672351
5 0.672465
5 0.67258
5 0.672694
5 0.672808
5 0.672923
5 0.673037
5 0.673152
5 0.673266
5 0.673381
5 0.673495
5 0.67361
5 0.673724
5 0.673838
5 0.673953
5 0.674067
5 0.674182
5 0.674296
5 0.674411
5 0.674525
5 0.67464
5 0.674754
5 0.674868
5 0.674983
5 0.675097
5 0.675212
5 0.675326
5 0.675441
5 0.675555
5 0.675669
5 0.675784
5 0.675898
5 0.676013
5 0.676127
5 0.676242
5 0.676356
5 0.676471
5 0.676585
5 0.676699
5 0.676814
5 0.676928
5 0.677043
5 0.677157
5 0.677272
5 0.677386
5 0.677501
5 0.677615
5 0.677729
5 0.677844
5 0.677958
5 0.678073
5 0.678187
5 0.678302
5 0.678416
5 0.678531
5 0.678645
5 0.678759
5 0.678874
5 0.678988
5 0.679103
5 0.679217
5 0.679332
5 0.679446
5 0.679561
5 0.679675
5 0.679789
5 0.679904
5 0.680018
5 0.680133
5 0.680247
5 0.680362
5 0.680476
5 0.680591
5 0.680705
5 0.680819
5 0.680934
5 0.681048
5 0.681163
5 0.681277
5 0.681392
5 0.681506
5 0.681621
5 0.681735
5 0.681849
5 0.681964
5 0.682078
5 0.682193
5 0.682307
5 0.682422
5 0.682536
5 0.68265
5 0.682765
5 0.682879
5 0.682994
5 0.683108
5 0.683223
5 0.683337
5 0.683452
5 0.683566
5 0.68368
5 0.683795
5 0.683909
5 0.684024
5 0.684138
5 0.684253
5 0.684367
5 0.684482
5 0.684596
5 0.68471
5 0.684825
5 0.684939
5 0.685054
5 0.685168
5 0.685283
5 0.685397
5 0.685512
5 0.685626
5 0.68574
5 0.685855
5 0.685969
5 0.686084
5 0.686198
5 0.686313
5 0.686427
5 0.686542
5 0.686656
5 0.68677
5 0.686885
5 0.686999
5 0.687114
5 0.687228
5 0.687343
5 0.687457
5 0.687572
5 0.687686
5 0.6878
5 0.687915
5 0.688029
5 0.688144
5 0.688258
5 0.688373
5 0.688487
5 0.688602
5 0.688716
5 0.68883
5 0.688945
5 0.689059
5 0.689174
5 0.689288
5 0.689403
5 0.689517
5 0.689631
5 0.689746
5 0.68986
5 0.689975
5 0.690089
5 0.690204
5 0.690318
5 0.690433
5 0.690547
5 0.690661
5 0.690776
5 0.69089
5 0.691005
5 0.691119
5 0.691234
5 0.691348
5 0.691463
5 0.691577
5 0.691691
5 0.691806
5 0.69192
5 0.692035
5 0.692149
5 0.692264
5 0.692378
5 0.692493
5 0.692607
5 0.692721
5 0.692836
5 0.69295
5 0.693065
5 0.693179
5 0.693294
5 0.693408
5 0.693523
5 0.693637
5 0.693751
5 0.693866
5 0.69398
5 0.694095
5 0.694209
5 0.694324
5 0.694438
5 0.694553
5 0.694667
5 0.694781
5 0.694896
5 0.69501
5 0.695125
5 0.695239
5 0.695354
5 0.695468
5 0.695583
5 0.695697
5 0.695811
5 0.695926
5 0.69604
5 0.696155
5 0.696269
5 0.696384
5 0.696498
5 0.696612
5 0.696727
5 0.696841
5 0.696956
5 0.69707
5 0.697185
5 0.697299
5 0.697414
5 0.697528
5 0.697642
5 0.697757
5 0.697871
5 0.697986
5 0.6981
5 0.698215
5 0.698329
5 0.698444
5 0.698558
5 0.698672
5 0.698787
5 0.698901
5 0.699016
5 0.69913
5 0.699245
5 0.699359
5 0.699474
5 0.699588
5 0.699702
5 0.699817
5 0.699931
5 0.700046
5 0.70016
5 0.700275
5 0.700389
5 0.700504
5 0.700618
5 0.700732
5 0.700847
5 0.700961
5 0.701076
5 0.70119
5 0.701305
5 0.701419
5 0.701534
5 0.701648
5 0.701762
5 0.701877
5 0.701991
5 0.702106
5 0.70222
5 0.702335
5 0.702449
5 0.702564
5 0.702678
5 0.702792
5 0.702907
5 0.703021
5 0.703136
5 0.70325
5 0.703365
5 0.703479
5 0.703593
5 0.703708
5 0.703822
5 0.703937
5 0.704051
5 0.704166
5 0.70428
5 0.704395
5 0.704509
5 0.704623
5 0.704738
5 0.704852
5 0.704967
5 0.705081
5 0.705196
5 0.70531
5 0.705425
5 0.705539
5 0.705653
5 0.705768
5 0.705882
5 0.705997
5 0.706111
5 0.706226
5 0.70634
5 0.706455
5 0.706569
6 0.706683
6 0.706798
6 0.706912
6 0.707027
6 0.707141
6 0.707256
6 0.70737
6 0.707485
6 0.707599
6 0.707713
6 0.707828
6 0.707942
6 0.708057
6 0.708171
6 0.708286
6 0.7084
6 0.708515
6 0.708629
6 0.708743
6 0.708858
6 0.708972
6 0.709087
6 0.709201
6 0.709316
6 0.70943
6 0.709545
6 0.709659
6 0.709773
6 0.709888
6 0.710002
6 0.710117
6 0.710231
6 0.710346
6 0.71046
6 0.710575
6 0.710689
6 0.710803
6 0.710918
6 0.711032
6 0.711147
6 0.711261
6 0.711376
6 0.71149
6 0.711604
6 0.711719
6 0.711833
6 0.711948
6 0.712062
6 0.712177
6 0.712291
6 0.712406
6 0.71252
6 0.712634
6 0.712749
6 0.712863
6 0.712978
6 0.713092
6 0.713207
6 0.713321
6 0.713436
6 0.71355
6 0.713664
6 0.713779
6 0.713893
6 0.714008
6 0.714122
6 0.714237
6 0.714351
6 0.714466
6 0.71458
6 0.714694
6 0.714809
6 0.714923
6 0.715038
6 0.715152
6 0.715267
6 0.715381
6 0.715496
6 0.71561
6 0.715724
6 0.715839
6 0.715953
6 0.716068
6 0.716182
6 0.716297
6 0.716411
6 0.716526
6 0.71664
6 0.716754
6 0.716869
6 0.716983
6 0.717098
6 0.717212
6 0.717327
6 0.717441
6 0.717556
6 0.71767
6 0.717784
6 0.717899
6 0.718013
6 0.718128
6 0.718242
6 0.718357
6 0.718471
6 0.718585
6 0.7187
6 0.718814
6 0.718929
6 0.719043
6 0.719158
6 0.719272
6 0.719387
6 0.719501
6 0.719615
6 0.71973
6 0.719844
6 0.719959
6 0.720073
6 0.720188
6 0.720302
6 0.720417
6 0.720531
6 0.720645
6 0.72076
6 0.720874
6 0.720989
6 0.721103
6 0.721218
6 0.721332
6 0.721447
6 0.721561
6 0.721675
6 0.72179
6 0.721904
6 0.722019
6 0.722133
6 0.722248
6 0.722362
6 0.722477
6 0.722591
6 0.722705
6 0.72282
6 0.722934
6 0.723049
6 0.723163
6 0.723278
6 0.723392
6 0.723507
6 0.723621
6 0.723735
6 0.72385
6 0.723964
6 0.724079
6 0.724193
6 0.724308
6 0.724422
6 0.724537
6 0.724651
6 0.724765
6 0.72488
6 0.724994
6 0.725109
6 0.725223
6 0.725338
6 0.725452
6 0.725566
6 0.725681
6 0.725795
6 0.72591
6 0.726024
6 0.726139
6 0.726253
6 0.726368
6 0.726482
6 0.726596
6 0.726711
6 0.726825
6 0.72694
6 0.727054
6 0.727169
6 0.727283
6 0.727398
6 0.727512
6 0.727626
6 0.727741
6 0.727855
6 0.72797
6 0.728084
6 0.728199
6 0.728313
6 0.728428
6 0.728542
6 0.728656
6 0.728771
6 0.728885
6 0.729
6 0.729114
6 0.729229
6 0.729343
6 0.729458
6 0.729572
6 0.729686
6 0.729801
6 0.729915
6 0.73003
6 0.730144
6 0.730259
6 0.730373
6 0.730488
6 0.730602
6 0.730716
6 0.730831
6 0.730945
6 0.73106
6 0.731174
6 0.731289
6 0.731403
6 0.731518
6 0.731632
6 0.731746
6 0.731861
6 0.731975
6 0.73209
6 0.732204
6 0.732319
6 0.732433
6 0.732547
6 0.732662
6 0.732776
6 0.732891
6 0.733005
6 0.73312
6 0.733234
6 0.733349
6 0.733463
6 0.733577
6 0.733692
6 0.733806
6 0.733921
6 0.734035
6 0.73415
6 0.734264
6 0.734379
6 0.734493
6 0.734607
6 0.734722
6 0.734836
6 0.734951
6 0.735065
6 0.73518
6 0.735294
6 0.735409
6 0.735523
6 0.735637
6 0.735752
6 0.735866
6 0.735981
6 0.736095
6 0.73621
6 0.736324
6 0.736439
6 0.736553
6 0.736667
6 0.736782
6 0.736896
6 0.737011
6 0.737125
6 0.73724
6 0.737354
6 0.737469
6 0.737583
6 0.737697
6 0.737812
6 0.737926
6 0.738041
6 0.738155
6 0.73827
6 0.738384
6 0.738499
6 0.738613
6 0.738727
6 0.738842
6 0.738956
6 0.739071
6 0.739185
6 0.7393
6 0.739414
6 0.739528
6 0.739643
6 0.739757
6 0.739872
6 0.739986
6 0.740101
6 0.740215
6 0.74033
6 0.740444
6 0.740558
6 0.740673
6 0.740787
6 0.740902
6 0.741016
6 0.741131
6 0.741245
6 0.74136
6 0.741474
6 0.741588
6 0.741703
6 0.741817
6 0.741932
6 0.742046
6 0.742161
6 0.742275
6 0.74239
6 0.742504
6 0.742618
6 0.742733
6 0.742847
6 0.742962
6 0.743076
6 0.743191
6 0.743305
6 0.74342
6 0.743534
6 0.743648
6 0.743763
6 0.743877
6 0.743992
6 0.744106
6 0.744221
6 0.744335
6 0.74445
6 0.744564
6 0.744678
6 0.744793
6 0.744907
6 0.745022
6 0.745136
6 0.745251
6 0.745365
6 0.74548
6 0.745594
6 0.745708
6 0.745823
6 0.745937
6 0.746052
6 0.746166
6 0.746281
6 0.746395
6 0.746509
6 0.746624
6 0.746738
6 0.746853
6 0.746967
6 0.747082
6 0.747196
6 0.747311
6 0.747425
6 0.747539
6 0.747654
6 0.747768
6 0.747883
6 0.747997
6 0.748112
6 0.748226
6 0.748341
6 0.748455
6 0.748569
6 0.748684
6 0.748798
6 0.748913
6 0.749027
6 0.749142
6 0.749256
6 0.749371
6 0.749485
6 0.749599
6 0.749714
6 0.749828
6 0.749943
6 0.750057
6 0.750172
6 0.750286
6 0.750401
6 0.750515
6 0.750629
6 0.750744
6 0.750858
6 0.750973
6 0.751087
6 0.751202
6 0.751316
6 0.751431
6 0.751545
6 0.751659
6 0.751774
6 0.751888
6 0.752003
6 0.752117
6 0.752232
6 0.752346
6 0.752461
6 0.752575
6 0.752689
6 0.752804
7 0.752918
7 0.753033
7 0.753147
7 0.753262
7 0.753376
7 0.753491
7 0.753605
7 0.753719
7 0.753834
7 0.753948
7 0.754063
7 0.754177
7 0.754292
7 0.754406
7 0.75452
7 0.754635
7 0.754749
7 0.754864
7 0.754978
7 0.755093
7 0.755207
7 0.755322
7 0.755436
7 0.75555
7 0.755665
7 0.755779
7 0.755894
7 0.756008
7 0.756123
7 0.756237
7 0.756352
7 0.756466
7 0.75658
7 0.756695
7 0.756809
7 0.756924
7 0.757038
7 0.757153
7 0.757267
7 0.757382
7 0.757496
7 0.75761
7 0.757725
7 0.757839
7 0.757954
7 0.758068
7 0.758183
7 0.758297
7 0.758412
7 0.758526
7 0.75864
7 0.758755
7 0.758869
7 0.758984
7 0.759098
7 0.759213
7 0.759327
7 0.759442
7 0.759556
7 0.75967
7 0.759785
7 0.759899
7 0.760014
7 0.760128
7 0.760243
7 0.760357
7 0.760472
7 0.760586
7 0.7607
7 0.760815
7 0.760929
7 0.761044
7 0.761158
7 0.761273
7 0.761387
7 0.761501
7 0.761616
7 0.76173
7 0.761845
7 0.761959
7 0.762074
7 0.762188
7 0.762303
7 0.762417
7 0.762531
7 0.762646
7 0.76276
7 0.762875
7 0.762989
7 0.763104
7 0.763218
7 0.763333
7 0.763447
7 0.763561
7 0.763676
7 0.76379
7 0.763905
7 0.764019
7 0.764134
7 0.764248
7 0.764363
7 0.764477
7 0.764591
7 0.764706
7 0.76482
7 0.764935
7 0.765049
7 0.765164
7 0.765278
7 0.765393
7 0.765507
7 0.765621
7 0.765736
7 0.76585
7 0.765965
7 0.766079
7 0.766194
7 0.766308
7 0.766423
7 0.766537
7 0.766651
7 0.766766
7 0.76688
7 0.766995
7 0.767109
7 0.767224
7 0.767338
7 0.767453
7 0.767567
7 0.767681
7 0.767796
7 0.76791
7 0.768025
7 0.768139
7 0.768254
7 0.768368
7 0.768482
7 0.768597
7 0.768711
7 0.768826
7 0.76894
7 0.769055
7 0.769169
7 0.769284
7 0.769398
7 0.769512
7 0.769627
7 0.769741
7 0.769856
7 0.76997
7 0.770085
7 0.770199
7 0.770314
7 0.770428
7 0.770542
7 0.770657
7 0.770771
7 0.770886
7 0.771
7 0.771115
7 0.771229
7 0.771344
7 0.771458
7 0.771572
7 0.771687
7 0.771801
7 0.771916
7 0.77203
7 0.772145
7 0.772259
7 0.772374
7 0.772488
7 0.772602
7 0.772717
7 0.772831
7 0.772946
7 0.77306
7 0.773175
7 0.773289
7 0.773404
7 0.773518
7 0.773632
7 0.773747
7 0.773861
7 0.773976
7 0.77409
7 0.774205
7 0.774319
7 0.774434
7 0.774548
7 0.774662
7 0.774777
7 0.774891
7 0.775006
7 0.77512
7 0.775235
7 0.775349
7 0.775463
7 0.775578
7 0.775692
7 0.775807
7 0.775921
7 0.776036
7 0.77615
7 0.776265
7 0.776379
7 0.776493
7 0.776608
7 0.776722
7 0.776837
7 0.776951
7 0.777066
7 0.77718
7 0.777295
7 0.777409
7 0.777523
7 0.777638
7 0.777752
7 0.777867
7 0.777981
7 0.778096
7 0.77821
7 0.778325
7 0.778439
7 0.778553
7 0.778668
7 0.778782
7 0.778897
7 0.779011
7 0.779126
7 0.77924
7 0.779355
7 0.779469
7 0.779583
7 0.779698
7 0.779812
7 0.779927
7 0.780041
7 0.780156
7 0.78027
7 0.780385
7 0.780499
7 0.780613
7 0.780728
7 0.780842
7 0.780957
7 0.781071
7 0.781186
7 0.7813
7 0.781415
7 0.781529
7 0.781643
7 0.781758
7 0.781872
7 0.781987
7 0.782101
7 0.782216
7 0.78233
7 0.782444
7 0.782559
7 0.782673
7 0.782788
7 0.782902
7 0.783017
7 0.783131
7 0.783246
7 0.78336
7 0.783474
7 0.783589
7 0.783703
7 0.783818
7 0.783932
7 0.784047
7 0.784161
7 0.784276
7 0.78439
7 0.784504
7 0.784619
7 0.784733
7 0.784848
7 0.784962
7 0.785077
7 0.785191
7 0.785306
7 0.78542
7 0.785534
7 0.785649
7 0.785763
7 0.785878
7 0.785992
7 0.786107
7 0.786221
7 0.786336
7 0.78645
7 0.786564
7 0.786679
7 0.786793
7 0.786908
7 0.787022
7 0.787137
7 0.787251
7 0.787366
7 0.78748
7 0.787594
7 0.787709
7 0.787823
7 0.787938
7 0.788052
7 0.788167
7 0.788281
7 0.788396
7 0.78851
7 0.788624
7 0.788739
7 0.788853
7 0.788968
8 0.789082
8 0.789197
8 0.789311
8 0.789425
8 0.78954
8 0.789654
8 0.789769
8 0.789883
8 0.789998
8 0.790112
8 0.790227
8 0.790341
8 0.790455
8 0.79057
8 0.790684
8 0.790799
8 0.790913
8 0.791028
8 0.791142
8 0.791257
8 0.791371
8 0.791485
8 0.7916
8 0.791714
8 0.791829
8 0.791943
8 0.792058
8 0.792172
8 0.792287
8 0.792401
8 0.792515
8 0.79263
8 0.792744
8 0.792859
8 0.792973
8 0.793088
8 0.793202
8 0.793317
8 0.793431
8 0.793545
8 0.79366
8 0.793774
8 0.793889
8 0.794003
8 0.794118
8 0.794232
8 0.794347
8 0.794461
8 0.794575
8 0.79469
8 0.794804
8 0.794919
8 0.795033
8 0.795148
8 0.795262
8 0.795377
8 0.795491
8 0.795605
8 0.79572
8 0.795834
8 0.795949
8 0.796063
8 0.796178
8 0.796292
8 0.796407
8 0.796521
8 0.796635
8 0.79675
8 0.796864
8 0.796979
8 0.797093
8 0.797208
8 0.797322
8 0.797436
8 0.797551
8 0.797665
8 0.79778
8 0.797894
8 0.798009
8 0.798123
8 0.798238
8 0.798352
8 0.798466
8 0.798581
8 0.798695
8 0.79881
8 0.798924
8 0.799039
8 0.799153
8 0.799268
8 0.799382
8 0.799496
8 0.799611
8 0.799725
8 0.79984
8 0.799954
8 0.800069
8 0.800183
8 0.800298
8 0.800412
8 0.800526
8 0.800641
8 0.800755
8 0.80087
8 0.800984
8 0.801099
8 0.801213
8 0.801328
8 0.801442
8 0.801556
8 0.801671
8 0.801785
8 0.8019
8 0.802014
8 0.802129
8 0.802243
8 0.802358
8 0.802472
8 0.802586
8 0.802701
8 0.802815
8 0.80293
8 0.803044
8 0.803159
8 0.803273
8 0.803388
8 0.803502
8 0.803616
8 0.803731
8 0.803845
8 0.80396
8 0.804074
8 0.804189
8 0.804303
8 0.804417
8 0.804532
8 0.804646
8 0.804761
8 0.804875
8 0.80499
8 0.805104
8 0.805219
8 0.805333
8 0.805447
8 0.805562
8 0.805676
8 0.805791
8 0.805905
8 0.80602
8 0.806134
8 0.806249
8 0.806363
8 0.806477
8 0.806592
8 0.806706
8 0.806821
8 0.806935
8 0.80705
8 0.807164
8 0.807279
8 0.807393
8 0.807507
8 0.807622
8 0.807736
8 0.807851
8 0.807965
8 0.80808
8 0.808194
8 0.808309
8 0.808423
8 0.808537
8 0.808652
8 0.808766
8 0.808881
8 0.808995
8 0.80911
8 0.809224
8 0.809339
8 0.809453
8 0.809567
8 0.809682
8 0.809796
8 0.809911
8 0.810025
8 0.81014
8 0.810254
8 0.810369
8 0.810483
8 0.810597
8 0.810712
8 0.810826
8 0.810941
8 0.811055
8 0.81117
8 0.811284
8 0.811398
8 0.811513
8 0.811627
8 0.811742
8 0.811856
8 0.811971
8 0.812085
8 0.8122
8 0.812314
8 0.812428
8 0.812543
8 0.812657
8 0.812772
8 0.812886
8 0.813001
8 0.813115
8 0.81323
8 0.813344
8 0.813458
8 0.813573
8 0.813687
8 0.813802
8 0.813916
8 0.814031
8 0.814145
8 0.81426
8 0.814374
8 0.814488
8 0.814603
8 0.814717
8 0.814832
8 0.814946
9 0.815061
9 0.815175
9 0.81529
9 0.815404
9 0.815518
9 0.815633
9 0.815747
9 0.815862
9 0.815976
9 0.816091
9 0.816205
9 0.81632
9 0.816434
9 0.816548
9 0.816663
9 0.816777
9 0.816892
9 0.817006
9 0.817121
9 0.817235
9 0.81735
9 0.817464
9 0.817578
9 0.817693
9 0.817807
9 0.817922
9 0.818036
9 0.818151
9 0.818265
9 0.818379
9 0.818494
9 0.818608
9 0.818723
9 0.818837
9 0.818952
9 0.819066
9 0.819181
9 0.819295
9 0.819409
9 0.819524
9 0.819638
9 0.819753
9 0.819867
9 0.819982
9 0.820096
9 0.820211
9 0.820325
9 0.820439
9 0.820554
9 0.820668
9 0.820783
9 0.820897
9 0.821012
9 0.821126
9 0.821241
9 0.821355
9 0.821469
9 0.821584
9 0.821698
9 0.821813
9 0.821927
9 0.822042
9 0.822156
9 0.822271
9 0.822385
9 0.822499
9 0.822614
9 0.822728
9 0.822843
9 0.822957
9 0.823072
9 0.823186
9 0.823301
9 0.823415
9 0.823529
9 0.823644
9 0.823758
9 0.823873
9 0.823987
9 0.824102
9 0.824216
9 0.824331
9 0.824445
9 0.824559
9 0.824674
9 0.824788
9 0.824903
9 0.825017
9 0.825132
9 0.825246
9 0.82536
9 0.825475
9 0.825589
9 0.825704
9 0.825818
9 0.825933
9 0.826047
9 0.826162
9 0.826276
9 0.82639
9 0.826505
9 0.826619
9 0.826734
9 0.826848
9 0.826963
9 0.827077
9 0.827192
9 0.827306
9 0.82742
9 0.827535
9 0.827649
9 0.827764
9 0.827878
9 0.827993
9 0.828107
9 0.828222
9 0.828336
9 0.82845
9 0.828565
9 0.828679
9 0.828794
9 0.828908
9 0.829023
9 0.829137
9 0.829252
9 0.829366
9 0.82948
9 0.829595
9 0.829709
9 0.829824
9 0.829938
9 0.830053
9 0.830167
9 0.830282
9 0.830396
9 0.83051
9 0.830625
9 0.830739
9 0.830854
9 0.830968
9 0.831083
9 0.831197
9 0.831312
9 0.831426
9 0.83154
9 0.831655
9 0.831769
9 0.831884
9 0.831998
9 0.832113
9 0.832227
9 0.832341
9 0.832456
9 0.83257
9 0.832685
9 0.832799
9 0.832914
9 0.833028
9 0.833143
9 0.833257
9 0.833371
9 0.833486
9 0.8336
9 0.833715
9 0.833829
9 0.833944
9 0.834058
9 0.834173
9 0.834287
9 0.834401
9 0.834516
9 0.83463
9 0.834745
9 0.834859
9 0.834974
9 0.835088
9 0.835203
9 0.835317
9 0.835431
9 0.835546
9 0.83566
9 0.835775
9 0.835889
9 0.836004
9 0.836118
9 0.836233
9 0.836347
9 0.836461
9 0.836576
9 0.83669
9 0.836805
9 0.836919
9 0.837034
9 0.837148
9 0.837263
9 0.837377
9 0.837491
9 0.837606
9 0.83772
9 0.837835
9 0.837949
9 0.838064
10 0.838178
10 0.838293
10 0.838407
10 0.838521
10 0.838636
10 0.83875
10 0.838865
10 0.838979
10 0.839094
10 0.839208
10 0.839322
10 0.839437
10 0.839551
10 0.839666
10 0.83978
10 0.839895
10 0.840009
10 0.840124
10 0.840238
10 0.840352
10 0.840467
10 0.840581
10 0.840696
10 0.84081
10 0.840925
10 0.841039
10 0.841154
10 0.841268
10 0.841382
10 0.841497
10 0.841611
10 0.841726
10 0.84184
10 0.841955
10 0.842069
10 0.842184
10 0.842298
10 0.842412
10 0.842527
10 0.842641
10 0.842756
10 0.84287
10 0.842985
10 0.843099
10 0.843214
10 0.843328
10 0.843442
10 0.843557
10 0.843671
10 0.843786
10 0.8439
10 0.844015
10 0.844129
10 0.844244
10 0.844358
10 0.844472
10 0.844587
10 0.844701
10 0.844816
10 0.84493
10 0.845045
10 0.845159
10 0.845274
10 0.845388
10 0.845502
10 0.845617
10 0.845731
10 0.845846
10 0.84596
10 0.846075
10 0.846189
10 0.846304
10 0.846418
10 0.846532
10 0.846647
10 0.846761
10 0.846876
10 0.84699
10 0.847105
10 0.847219
10 0.847333
10 0.847448
10 0.847562
10 0.847677
10 0.847791
10 0.847906
10 0.84802
10 0.848135
10 0.848249
10 0.848363
10 0.848478
10 0.848592
10 0.848707
10 0.848821
10 0.848936
10 0.84905
10 0.849165
10 0.849279
10 0.849393
10 0.849508
10 0.849622
10 0.849737
10 0.849851
10 0.849966
10 0.85008
10 0.850195
10 0.850309
10 0.850423
10 0.850538
10 0.850652
10 0.850767
10 0.850881
10 0.850996
10 0.85111
10 0.851225
10 0.851339
10 0.851453
10 0.851568
10 0.851682
10 0.851797
10 0.851911
10 0.852026
10 0.85214
10 0.852255
10 0.852369
10 0.852483
10 0.852598
10 0.852712
10 0.852827
10 0.852941
10 0.853056
10 0.85317
10 0.853285
10 0.853399
10 0.853513
10 0.853628
10 0.853742
10 0.853857
10 0.853971
10 0.854086
10 0.8542
10 0.854314
10 0.854429
10 0.854543
10 0.854658
10 0.854772
10 0.854887
10 0.855001
10 0.855116
10 0.85523
10 0.855344
10 0.855459
10 0.855573
10 0.855688
10 0.855802
10 0.855917
10 0.856031
10 0.856146
10 0.85626
10 0.856374
10 0.856489
10 0.856603
10 0.856718
10 0.856832
10 0.856947
10 0.857061
10 0.857176
10 0.85729
11 0.857404
11 0.857519
11 0.857633
11 0.857748
11 0.857862
11 0.857977
11 0.858091
11 0.858206
11 0.85832
11 0.858434
11 0.858549
11 0.858663
11 0.858778
11 0.858892
11 0.859007
11 0.859121
11 0.859236
11 0.85935
11 0.859464
11 0.859579
11 0.859693
11 0.859808
11 0.859922
11 0.860037
11 0.860151
11 0.860266
11 0.86038
11 0.860494
11 0.860609
11 0.860723
11 0.860838
11 0.860952
11 0.861067
11 0.861181
11 0.861295
11 0.86141
11 0.861524
11 0.861639
11 0.861753
11 0.861868
11 0.861982
11 0.862097
11 0.862211
11 0.862325
11 0.86244
11 0.862554
11 0.862669
11 0.862783
11 0.862898
11 0.863012
11 0.863127
11 0.863241
11 0.863355
11 0.86347
11 0.863584
11 0.863699
11 0.863813
11 0.863928
11 0.864042
11 0.864157
11 0.864271
11 0.864385
11 0.8645
11 0.864614
11 0.864729
11 0.864843
11 0.864958
11 0.865072
11 0.865187
11 0.865301
11 0.865415
11 0.86553
11 0.865644
11 0.865759
11 0.865873
11 0.865988
11 0.866102
11 0.866217
11 0.866331
11 0.866445
11 0.86656
11 0.866674
11 0.866789
11 0.866903
11 0.867018
11 0.867132
11 0.867247
11 0.867361
11 0.867475
11 0.86759
11 0.867704
11 0.867819
11 0.867933
11 0.868048
11 0.868162
11 0.868276
11 0.868391
11 0.868505
11 0.86862
11 0.868734
11 0.868849
11 0.868963
11 0.869078
11 0.869192
11 0.869306
11 0.869421
11 0.869535
11 0.86965
11 0.869764
11 0.869879
11 0.869993
11 0.870108
11 0.870222
11 0.870336
11 0.870451
11 0.870565
11 0.87068
11 0.870794
11 0.870909
11 0.871023
11 0.871138
11 0.871252
11 0.871366
11 0.871481
11 0.871595
11 0.87171
11 0.871824
11 0.871939
11 0.872053
11 0.872168
11 0.872282
11 0.872396
11 0.872511
11 0.872625
11 0.87274
12 0.872854
12 0.872969
12 0.873083
12 0.873198
12 0.873312
12 0.873426
12 0.873541
12 0.873655
12 0.87377
12 0.873884
12 0.873999
12 0.874113
12 0.874228
12 0.874342
12 0.874456
12 0.874571
12 0.874685
12 0.8748
12 0.874914
12 0.875029
12 0.875143
12 0.875257
12 0.875372
12 0.875486
12 0.875601
12 0.875715
12 0.87583
12 0.875944
12 0.876059
12 0.876173
12 0.876287
12 0.876402
12 0.876516
12 0.876631
12 0.876745
12 0.87686
12 0.876974
12 0.877089
12 0.877203
12 0.877317
12 0.877432
12 0.877546
12 0.877661
12 0.877775
12 0.87789
12 0.878004
12 0.878119
12 0.878233
12 0.878347
12 0.878462
12 0.878576
12 0.878691
12 0.878805
12 0.87892
12 0.879034
12 0.879149
12 0.879263
12 0.879377
12 0.879492
12 0.879606
12 0.879721
12 0.879835
12 0.87995
12 0.880064
12 0.880179
12 0.880293
12 0.880407
12 0.880522
12 0.880636
12 0.880751
12 0.880865
12 0.88098
12 0.881094
12 0.881209
12 0.881323
12 0.881437
12 0.881552
12 0.881666
12 0.881781
12 0.881895
12 0.88201
12 0.882124
12 0.882238
12 0.882353
12 0.882467
12 0.882582
12 0.882696
12 0.882811
12 0.882925
12 0.88304
12 0.883154
12 0.883268
12 0.883383
12 0.883497
12 0.883612
12 0.883726
12 0.883841
12 0.883955
12 0.88407
12 0.884184
12 0.884298
12 0.884413
12 0.884527
12 0.884642
12 0.884756
12 0.884871
12 0.884985
12 0.8851
12 0.885214
12 0.885328
12 0.885443
12 0.885557
12 0.885672
12 0.885786
12 0.885901
12 0.886015
12 0.88613
12 0.886244
12 0.886358
12 0.886473
12 0.886587
12 0.886702
12 0.886816
12 0.886931
12 0.887045
12 0.88716
12 0.887274
12 0.887388
12 0.887503
12 0.887617
12 0.887732
12 0.887846
12 0.887961
12 0.888075
13 0.88819
13 0.888304
13 0.888418
13 0.888533
13 0.888647
13 0.888762
13 0.888876
13 0.888991
13 0.889105
13 0.88922
13 0.889334
13 0.889448
13 0.889563
13 0.889677
13 0.889792
13 0.889906
13 0.890021
13 0.890135
13 0.890249
13 0.890364
13 0.890478
13 0.890593
13 0.890707
13 0.890822
13 0.890936
13 0.891051
13 0.891165
13 0.891279
13 0.891394
13 0.891508
13 0.891623
13 0.891737
13 0.891852
13 0.891966
13 0.892081
13 0.892195
13 0.892309
13 0.892424
13 0.892538
13 0.892653
13 0.892767
13 0.892882
13 0.892996
13 0.893111
13 0.893225
13 0.893339
13 0.893454
13 0.893568
13 0.893683
13 0.893797
13 0.893912
13 0.894026
13 0.894141
13 0.894255
13 0.894369
13 0.894484
13 0.894598
13 0.894713
13 0.894827
13 0.894942
13 0.895056
13 0.895171
13 0.895285
13 0.895399
13 0.895514
13 0.895628
13 0.895743
13 0.895857
13 0.895972
13 0.896086
13 0.896201
13 0.896315
13 0.896429
13 0.896544
13 0.896658
13 0.896773
13 0.896887
13 0.897002
13 0.897116
13 0.89723
13 0.897345
13 0.897459
13 0.897574
13 0.897688
13 0.897803
13 0.897917
13 0.898032
13 0.898146
13 0.89826
13 0.898375
13 0.898489
13 0.898604
13 0.898718
13 0.898833
13 0.898947
13 0.899062
13 0.899176
13 0.89929
14 0.899405
14 0.899519
14 0.899634
14 0.899748
14 0.899863
14 0.899977
14 0.900092
14 0.900206
14 0.90032
14 0.900435
14 0.900549
14 0.900664
14 0.900778
14 0.900893
14 0.901007
14 0.901122
14 0.901236
14 0.90135
14 0.901465
14 0.901579
14 0.901694
14 0.901808
14 0.901923
14 0.902037
14 0.902152
14 0.902266
14 0.90238
14 0.902495
14 0.902609
14 0.902724
14 0.902838
14 0.902953
14 0.903067
14 0.903182
14 0.903296
14 0.90341
14 0.903525
14 0.903639
14 0.903754
14 0.903868
14 0.903983
14 0.904097
14 0.904211
14 0.904326
14 0.90444
14 0.904555
14 0.904669
14 0.904784
14 0.904898
14 0.905013
14 0.905127
14 0.905241
14 0.905356
14 0.90547
14 0.905585
14 0.905699
14 0.905814
14 0.905928
14 0.906043
14 0.906157
14 0.906271
14 0.906386
14 0.9065
14 0.906615
14 0.906729
14 0.906844
14 0.906958
14 0.907073
14 0.907187
14 0.907301
14 0.907416
14 0.90753
14 0.907645
14 0.907759
14 0.907874
14 0.907988
14 0.908103
14 0.908217
14 0.908331
14 0.908446
14 0.90856
14 0.908675
14 0.908789
14 0.908904
14 0.909018
15 0.909133
15 0.909247
15 0.909361
15 0.909476
15 0.90959
15 0.909705
15 0.909819
15 0.909934
15 0.910048
15 0.910163
15 0.910277
15 0.910391
15 0.910506
15 0.91062
15 0.910735
15 0.910849
15 0.910964
15 0.911078
15 0.911192
15 0.911307
15 0.911421
15 0.911536
15 0.91165
15 0.911765
15 0.911879
15 0.911994
15 0.912108
15 0.912222
15 0.912337
15 0.912451
15 0.912566
15 0.91268
15 0.912795
15 0.912909
15 0.913024
15 0.913138
15 0.913252
15 0.913367
15 0.913481
15 0.913596
15 0.91371
15 0.913825
15 0.913939
15 0.914054
15 0.914168
15 0.914282
15 0.914397
15 0.914511
15 0.914626
15 0.91474
15 0.914855
15 0.914969
15 0.915084
15 0.915198
15 0.915312
15 0.915427
15 0.915541
15 0.915656
15 0.91577
15 0.915885
15 0.915999
15 0.916114
15 0.916228
15 0.916342
15 0.916457
15 0.916571
15 0.916686
15 0.9168
15 0.916915
15 0.917029
15 0.917144
15 0.917258
15 0.917372
15 0.917487
15 0.917601
15 0.917716
15 0.91783
15 0.917945
15 0.918059
15 0.918173
15 0.918288
16 0.918402
16 0.918517
16 0.918631
16 0.918746
16 0.91886
16 0.918975
16 0.919089
16 0.919203
16 0.919318
16 0.919432
16 0.919547
16 0.919661
16 0.919776
16 0.91989
16 0.920005
16 0.920119
16 0.920233
16 0.920348
16 0.920462
16 0.920577
16 0.920691
16 0.920806
16 0.92092
16 0.921035
16 0.921149
16 0.921263
16 0.921378
16 0.921492
16 0.921607
16 0.921721
16 0.921836
16 0.92195
16 0.922065
16 0.922179
16 0.922293
16 0.922408
16 0.922522
16 0.922637
16 0.922751
16 0.922866
16 0.92298
16 0.923095
16 0.923209
16 0.923323
16 0.923438
16 0.923552
16 0.923667
16 0.923781
16 0.923896
16 0.92401
16 0.924125
16 0.924239
16 0.924353
16 0.924468
16 0.924582
16 0.924697
16 0.924811
16 0.924926
16 0.92504
16 0.925154
16 0.925269
16 0.925383
16 0.925498
16 0.925612
16 0.925727
16 0.925841
16 0.925956
16 0.92607
16 0.926184
16 0.926299
16 0.926413
16 0.926528
16 0.926642
17 0.926757
17 0.926871
17 0.926986
17 0.9271
17 0.927214
17 0.927329
17 0.927443
17 0.927558
17 0.927672
17 0.927787
17 0.927901
17 0.928016
17 0.92813
17 0.928244
17 0.928359
17 0.928473
17 0.928588
17 0.928702
17 0.928817
17 0.928931
17 0.929046
17 0.92916
17 0.929274
17 0.929389
17 0.929503
17 0.929618
17 0.929732
17 0.929847
17 0.929961
17 0.930076
17 0.93019
17 0.930304
17 0.930419
17 0.930533
17 0.930648
17 0.930762
17 0.930877
17 0.930991
17 0.931106
17 0.93122
17 0.931334
17 0.931449
17 0.931563
17 0.931678
17 0.931792
17 0.931907
17 0.932021
17 0.932136
17 0.93225
17 0.932364
17 0.932479
17 0.932593
17 0.932708
17 0.932822
17 0.932937
17 0.933051
17 0.933165
18 0.93328
18 0.933394
18 0.933509
18 0.933623
18 0.933738
18 0.933852
18 0.933967
18 0.934081
18 0.934195
18 0.93431
18 0.934424
18 0.934539
18 0.934653
18 0.934768
18 0.934882
18 0.934997
18 0.935111
18 0.935225
18 0.93534
18 0.935454
18 0.935569
18 0.935683
18 0.935798
18 0.935912
18 0.936027
18 0.936141
18 0.936255
18 0.93637
18 0.936484
18 0.936599
18 0.936713
18 0.936828
18 0.936942
18 0.937057
18 0.937171
18 0.937285
18 0.9374
18 0.937514
18 0.937629
18 0.937743
18 0.937858
18 0.937972
18 0.938087
18 0.938201
18 0.938315
18 0.93843
18 0.938544
18 0.938659
18 0.938773
19 0.938888
19 0.939002
19 0.939117
19 0.939231
19 0.939345
19 0.93946
19 0.939574
19 0.939689
19 0.939803
19 0.939918
19 0.940032
19 0.940146
19 0.940261
19 0.940375
19 0.94049
19 0.940604
19 0.940719
19 0.940833
19 0.940948
19 0.941062
19 0.941176
19 0.941291
19 0.941405
19 0.94152
19 0.941634
19 0.941749
19 0.941863
19 0.941978
19 0.942092
19 0.942206
19 0.942321
19 0.942435
19 0.94255
19 0.942664
19 0.942779
19 0.942893
20 0.943008
20 0.943122
20 0.943236
20 0.943351
20 0.943465
20 0.94358
20 0.943694
20 0.943809
20 0.943923
20 0.944038
20 0.944152
20 0.944266
20 0.944381
20 0.944495
20 0.94461
20 0.944724
20 0.944839
20 0.944953
20 0.945068
20 0.945182
20 0.945296
20 0.945411
20 0.945525
20 0.94564
20 0.945754
20 0.945869
20 0.945983
21 0.946098
21 0.946212
21 0.946326
21 0.946441
21 0.946555
21 0.94667
21 0.946784
21 0.946899
21 0.947013
21 0.947127
21 0.947242
21 0.947356
21 0.947471
21 0.947585
21 0.9477
21 0.947814
21 0.947929
21 0.948043
21 0.948157
21 0.948272
21 0.948386
21 0.948501
21 0.948615
21 0.94873
21 0.948844
21 0.948959
21 0.949073
21 0.949187
21 0.949302
22 0.949416
22 0.949531
22 0.949645
22 0.94976
22 0.949874
22 0.949989
22 0.950103
22 0.950217
22 0.950332
22 0.950446
22 0.950561
22 0.950675
22 0.95079
22 0.950904
22 0.951019
22 0.951133
22 0.951247
22 0.951362
22 0.951476
22 0.951591
22 0.951705
22 0.95182
22 0.951934
22 0.952049
22 0.952163
22 0.952277
22 0.952392
22 0.952506
22 0.952621
22 0.952735
22 0.95285
22 0.952964
22 0.953079
22 0.953193
23 0.953307
23 0.953422
23 0.953536
23 0.953651
23 0.953765
23 0.95388
23 0.953994
23 0.954108
23 0.954223
23 0.954337
23 0.954452
23 0.954566
23 0.954681
23 0.954795
23 0.95491
23 0.955024
23 0.955138
23 0.955253
24 0.955367
24 0.955482
24 0.955596
24 0.955711
24 0.955825
24 0.95594
24 0.956054
24 0.956168
24 0.956283
24 0.956397
24 0.956512
24 0.956626
24 0.956741
24 0.956855
24 0.95697
24 0.957084
24 0.957198
24 0.957313
24 0.957427
24 0.957542
24 0.957656
25 0.957771
25 0.957885
25 0.958
25 0.958114
25 0.958228
25 0.958343
25 0.958457
25 0.958572
25 0.958686
25 0.958801
25 0.958915
25 0.95903
25 0.959144
25 0.959258
25 0.959373
25 0.959487
26 0.959602
26 0.959716
26 0.959831
26 0.959945
26 0.96006
26 0.960174
26 0.960288
26 0.960403
26 0.960517
26 0.960632
26 0.960746
26 0.960861
26 0.960975
26 0.961089
26 0.961204
26 0.961318
26 0.961433
26 0.961547
26 0.961662
27 0.961776
27 0.961891
27 0.962005
27 0.962119
27 0.962234
27 0.962348
27 0.962463
27 0.962577
27 0.962692
27 0.962806
27 0.962921
27 0.963035
27 0.963149
27 0.963264
27 0.963378
27 0.963493
27 0.963607
28 0.963722
28 0.963836
28 0.963951
28 0.964065
28 0.964179
28 0.964294
28 0.964408
28 0.964523
28 0.964637
28 0.964752
28 0.964866
28 0.964981
28 0.965095
28 0.965209
28 0.965324
28 0.965438
28 0.965553
28 0.965667
29 0.965782
29 0.965896
29 0.966011
29 0.966125
29 0.966239
29 0.966354
29 0.966468
29 0.966583
29 0.966697
29 0.966812
29 0.966926
29 0.967041
29 0.967155
29 0.967269
29 0.967384
29 0.967498
29 0.967613
29 0.967727
29 0.967842
30 0.967956
30 0.96807
30 0.968185
30 0.968299
30 0.968414
30 0.968528
30 0.968643
30 0.968757
30 0.968872
30 0.968986
30 0.9691
30 0.969215
30 0.969329
30 0.969444
30 0.969558
30 0.969673
30 0.969787
30 0.969902
31 0.970016
31 0.97013
31 0.970245
31 0.970359
31 0.970474
31 0.970588
31 0.970703
31 0.970817
31 0.970932
31 0.971046
31 0.97116
31 0.971275
31 0.971389
31 0.971504
31 0.971618
31 0.971733
32 0.971847
32 0.971962
32 0.972076
32 0.97219
32 0.972305
32 0.972419
32 0.972534
32 0.972648
32 0.972763
32 0.972877
32 0.972992
32 0.973106
32 0.97322
32 0.973335
32 0.973449
32 0.973564
32 0.973678
32 0.973793
33 0.973907
33 0.974022
33 0.974136
33 0.97425
33 0.974365
33 0.974479
33 0.974594
33 0.974708
33 0.974823
33 0.974937
34 0.975051
34 0.975166
34 0.97528
34 0.975395
34 0.975509
34 0.975624
34 0.975738
34 0.975853
34 0.975967
34 0.976081
34 0.976196
34 0.97631
34 0.976425
34 0.976539
35 0.976654
35 0.976768
35 0.976883
35 0.976997
35 0.977111
35 0.977226
35 0.97734
35 0.977455
35 0.977569
35 0.977684
35 0.977798
36 0.977913
36 0.978027
36 0.978141
36 0.978256
37 0.97837
37 0.978485
37 0.978599
37 0.978714
37 0.978828
37 0.978943
37 0.979057
38 0.979171
38 0.979286
38 0.9794
38 0.979515
38 0.979629
39 0.979744
39 0.979858
39 0.979973
39 0.980087
40 0.980201
40 0.980316
40 0.98043
40 0.980545
40 0.980659
40 0.980774
41 0.980888
41 0.981003
41 0.981117
42 0.981231
42 0.981346
42 0.98146
42 0.981575
42 0.981689
42 0.981804
42 0.981918
42 0.982033
42 0.982147
43 0.982261
43 0.982376
43 0.98249
44 0.982605
44 0.982719
44 0.982834
44 0.982948
44 0.983062
44 0.983177
44 0.983291
44 0.983406
44 0.98352
45 0.983635
45 0.983749
45 0.983864
45 0.983978
45 0.984092
45 0.984207
46 0.984321
46 0.984436
46 0.98455
46 0.984665
46 0.984779
47 0.984894
47 0.985008
48 0.985122
48 0.985237
48 0.985351
48 0.985466
48 0.98558
48 0.985695
48 0.985809
48 0.985924
48 0.986038
49 0.986152
49 0.986267
50 0.986381
50 0.986496
50 0.98661
50 0.986725
50 0.986839
50 0.986954
50 0.987068
51 0.987182
51 0.987297
51 0.987411
51 0.987526
51 0.98764
52 0.987755
52 0.987869
52 0.987984
52 0.988098
53 0.988212
53 0.988327
53 0.988441
53 0.988556
53 0.98867
54 0.988785
54 0.988899
54 0.989014
55 0.989128
55 0.989242
55 0.989357
56 0.989471
56 0.989586
56 0.9897
57 0.989815
57 0.989929
57 0.990043
57 0.990158
59 0.990272
59 0.990387
59 0.990501
60 0.990616
61 0.99073
61 0.990845
62 0.990959
62 0.991073
62 0.991188
63 0.991302
63 0.991417
63 0.991531
64 0.991646
64 0.99176
65 0.991875
66 0.991989
66 0.992103
67 0.992218
67 0.992332
67 0.992447
67 0.992561
69 0.992676
69 0.99279
69 0.992905
71 0.993019
73 0.993133
76 0.993248
76 0.993362
76 0.993477
76 0.993591
76 0.993706
77 0.99382
79 0.993935
79 0.994049
83 0.994163
84 0.994278
84 0.994392
84 0.994507
85 0.994621
87 0.994736
88 0.99485
89 0.994965
91 0.995079
92 0.995193
93 0.995308
95 0.995422
96 0.995537
96 0.995651
101 0.995766
105 0.99588
113 0.995995
113 0.996109
117 0.996223
125 0.996338
136 0.996452
140 0.996567
143 0.996681
148 0.996796
150 0.99691
151 0.997024
160 0.997139
169 0.997253
195 0.997368
242 0.997482
286 0.997597
302 0.997711
321 0.997826
547 0.99794
586 0.998054
663 0.998169
778 0.998283
836 0.998398
881 0.998512
961 0.998627
1115 0.998741
1131 0.998856
1222 0.99897
1341 0.999084
1415 0.999199
1647 0.999313
1696 0.999428
1859 0.999542
1989 0.999657
2012 0.999771
2760 0.999886
3684 1
