198
223
143
164
186
208
130
151
174
131
220
141
164
322
209
129
151
174
197
224
140
161
185
206
126
149
171
193
216
136
159
181
204
112
147
169
192
215
139
156
180
201
122
128
191
212
426
164
156
183
111
224
144
167
190
212
132
154
176
199
221
147
164
186
210
129
151
174
196
219
140
163
113
207
128
150
173
195
320
144
162
185
207
128
150
173
196
217
137
159
181
204
126
148
172
193
215
135
261
181
203
123
146
167
190
213
135
155
178
202
326
144
167
113
212
132
154
177
199
125
142
164
186
208
129
150
174
195
217
138
160
182
110
125
147
170
192
215
135
162
179
201
123
145
110
291
214
133
156
178
201
222
144
167
188
211
133
154
177
199
222
143
165
188
211
132
153
176
199
220
142
169
186
110
131
153
175
198
222
144
166
189
213
135
156
179
203
123
145
168
191
214
112
158
181
205
126
148
171
195
219
140
144
185
190
129
152
176
199
222
143
165
189
212
133
155
179
202
123
146
169
192
215
136
158
182
205
127
150
172
196
219
141
113
186
209
131
154
178
201
123
146
171
193
218
139
163
185
208
129
152
177
113
223
144
167
191
214
135
158
182
205
126
150
111
197
219
141
164
192
209
132
156
178
202
124
146
170
193
216
138
159
183
207
128
150
174
116
221
141
164
188
211
113
156
179
306
228
149
171
195
218
139
162
185
211
132
155
179
202
124
146
171
193
216
138
161
184
208
129
153
175
129
120
144
166
189
213
135
158
181
204
125
149
172
196
219
141
165
187
210
131
155
178
201
224
146
169
193
216
137
165
184
207
128
151
176
198
222
143
170
189
213
134
158
180
203
124
147
171
194
218
139
162
186
210
131
154
178
203
125
148
171
195
218
139
161
184
208
128
151
174
195
218
139
161
184
207
126
149
172
194
216
136
159
281
214
125
148
111
196
212
133
109
177
140
223
143
163
185
207
127
148
168
192
214
133
155
177
198
220
139
160
183
205
124
145
165
187
209
129
150
114
194
215
134
154
178
198
294
132
152
121
161
115
112
112
139
113
114
114
112
145
138
116
113
121
113
112
120
118
110
110
115
117
113
210
129
150
173
193
215
135
155
177
200
220
140
161
187
115
124
146
168
190
211
132
152
174
196
217
137
116
181
202
224
144
166
187
207
129
149
172
194
215
136
158
185
206
326
146
164
186
208
128
149
172
196
213
133
154
175
198
221
140
163
184
207
126
148
169
191
213
133
154
175
197
218
138
160
181
202
121
142
164
185
208
233
150
170
196
213
133
155
176
198
219
140
160
182
205
129
112
167
189
211
131
152
173
195
217
137
159
180
201
223
142
164
186
208
129
149
171
185
214
137
157
180
198
221
142
163
186
208
128
149
170
193
214
136
156
177
199
221
140
162
184
205
124
146
167
189
210
129
151
172
193
215
135
157
178
202
221
141
163
185
207
127
147
169
191
212
114
153
174
196
218
136
158
180
202
224
145
119
189
212
134
152
174
196
217
137
157
179
201
224
142
163
184
206
126
147
170
191
213
132
155
175
197
219
139
160
184
203
123
145
166
188
210
128
151
179
203
217
142
163
184
207
126
143
169
186
112
230
125
170
191
213
138
152
176
198
221
114
163
287
206
125
146
168
190
115
131
152
174
196
218
138
160
184
205
202
147
169
192
214
135
156
177
200
222
141
163
185
208
127
251
171
193
215
135
156
179
201
221
141
163
184
208
126
149
169
192
214
133
154
175
198
219
141
161
182
113
114
146
168
190
211
132
153
174
114
220
138
160
181
205
126
146
168
191
214
134
157
178
201
224
144
165
188
212
133
155
179
199
222
143
165
188
212
132
154
178
205
222
144
115
187
209
129
151
173
111
220
141
163
187
211
130
153
175
197
143
142
165
188
211
131
153
176
199
121
246
165
187
210
131
154
175
198
221
115
163
185
209
129
150
173
196
218
139
161
183
206
127
150
172
196
218
140
162
184
311
129
152
175
298
218
137
160
182
205
125
148
172
195
218
138
161
182
207
126
113
172
182
218
138
160
183
204
125
147
170
193
216
137
160
182
205
125
148
143
195
216
136
157
177
199
199
140
161
183
204
226
146
167
188
210
128
252
172
192
214
134
160
178
202
222
140
162
183
205
125
147
169
195
212
132
153
174
195
218
138
162
111
207
124
146
167
189
210
130
152
176
195
217
137
157
179
202
121
143
165
186
208
128
148
170
197
214
139
155
177
198
222
140
163
183
204
226
146
167
189
210
130
151
173
195
217
136
158
179
201
222
142
163
184
206
110
147
170
192
115
135
156
178
200
221
142
162
184
206
125
146
168
190
212
133
154
177
199
111
139
160
182
203
123
145
166
188
208
128
150
171
194
215
135
158
180
202
224
144
166
187
208
230
149
172
193
215
135
156
281
201
222
141
162
183
207
127
149
171
193
218
141
158
181
201
121
141
164
186
206
126
148
169
191
212
133
153
174
115
219
138
158
180
202
224
144
165
187
179
129
150
172
194
215
136
156
178
200
221
141
163
184
205
125
146
167
189
210
130
152
175
196
218
138
159
181
111
225
145
167
189
211
132
152
175
196
218
139
159
181
202
224
146
167
187
209
127
149
170
192
213
134
154
176
197
219
140
161
112
205
125
144
165
187
208
128
148
170
161
214
134
156
177
204
221
141
163
184
206
126
147
170
191
213
133
154
116
199
220
142
162
185
309
125
147
167
189
211
131
152
174
196
218
138
113
181
202
225
145
167
190
210
130
151
172
195
215
137
117
180
201
223
143
165
186
212
128
150
172
194
219
136
158
180
202
223
115
164
185
310
128
152
172
193
215
134
156
177
200
186
144
168
187
209
129
149
171
168
214
134
154
176
197
218
141
161
183
204
125
146
168
188
211
133
153
174
195
218
139
161
184
205
125
147
168
191
213
134
111
178
201
122
143
164
194
210
132
152
177
199
221
142
164
187
210
131
153
174
200
222
144
166
188
210
131
152
176
116
220
140
164
185
209
128
152
174
196
220
140
162
184
207
129
150
174
196
220
141
163
184
207
127
149
172
196
218
138
160
183
205
126
148
171
194
216
138
112
182
111
115
147
175
193
215
136
158
181
204
125
151
171
194
216
137
158
181
205
121
152
170
191
214
134
156
179
204
225
145
168
191
213
134
156
179
201
122
144
166
190
212
132
154
178
199
221
141
162
183
204
226
146
167
190
211
114
152
173
195
118
136
159
184
201
222
143
163
186
208
127
117
110
297
218
136
158
179
203
123
145
168
190
212
135
155
177
200
221
140
161
183
205
125
147
168
190
211
132
154
175
196
218
138
160
183
206
126
146
168
191
116
132
153
178
197
220
139
164
182
132
123
144
165
187
208
128
150
172
195
217
137
114
182
204
124
146
169
190
212
132
153
175
197
219
138
160
183
204
124
144
166
189
210
130
150
173
195
217
137
159
180
202
123
143
165
187
209
130
149
171
197
215
134
156
178
198
113
139
161
183
205
125
146
168
190
210
130
152
173
146
218
139
162
184
205
125
147
168
191
213
132
152
174
195
218
137
158
181
202
224
144
165
187
209
129
151
173
194
114
135
156
177
198
221
141
162
183
204
125
145
167
188
210
128
150
172
192
126
134
159
176
198
220
140
162
190
207
126
146
143
191
213
133
155
177
198
219
139
161
182
207
226
146
167
188
211
232
153
174
195
217
136
157
179
200
222
141
162
185
206
126
149
169
191
212
133
153
175
197
220
139
159
181
202
223
145
126
185
208
128
149
174
194
215
134
155
177
198
119
140
179
190
208
127
148
170
191
214
132
154
176
196
220
144
170
188
117
227
148
166
188
210
133
151
173
196
217
137
116
182
203
225
145
166
188
210
130
151
172
193
214
135
156
177
199
221
143
166
185
209
129
149
171
193
214
135
155
177
200
222
151
165
193
209
129
152
172
194
217
137
158
181
203
224
143
165
186
208
128
150
172
193
214
134
155
176
198
220
141
162
184
205
226
146
168
189
211
132
152
174
196
112
138
160
182
203
124
145
169
189
212
133
154
175
198
223
143
164
188
212
133
155
178
200
222
245
168
190
213
138
155
178
201
122
143
166
189
212
133
154
177
200
221
143
166
188
211
131
153
175
198
221
142
165
188
212
131
154
112
198
131
141
164
186
209
129
150
173
195
219
139
162
185
209
129
151
174
196
220
143
165
189
211
131
153
176
204
222
143
165
187
211
130
152
176
197
220
141
163
184
210
129
152
174
199
221
141
164
187
210
130
151
174
198
221
141
163
185
113
129
152
174
197
221
141
164
186
208
129
152
174
197
220
141
163
187
208
129
152
177
171
221
142
164
187
210
130
152
174
195
216
137
158
180
203
121
141
163
184
206
126
147
168
190
212
132
154
176
197
220
139
161
184
203
225
145
166
187
208
110
150
171
192
216
133
154
134
198
219
143
161
187
203
123
145
166
187
209
112
152
113
197
218
140
158
180
201
224
113
164
185
212
128
149
171
193
214
135
157
179
200
222
141
162
185
206
228
147
169
293
213
131
152
174
195
218
137
159
180
203
123
144
166
186
209
128
149
175
193
111
134
155
177
198
220
140
161
186
206
126
149
170
197
215
134
155
279
198
115
138
160
182
204
124
144
167
189
210
130
151
173
198
219
140
264
183
204
225
144
167
189
210
130
152
173
195
217
136
259
179
201
224
143
164
185
208
127
149
170
193
216
133
154
177
198
219
139
161
185
206
230
150
170
295
214
133
154
175
116
217
138
160
181
204
122
114
165
187
114
128
150
172
195
216
135
157
178
199
222
140
162
184
206
125
147
168
191
213
133
153
175
197
219
138
161
181
202
122
143
165
188
209
129
150
171
194
215
135
157
115
203
122
143
164
187
208
130
150
173
195
217
135
155
178
198
220
140
162
137
205
113
146
167
189
211
131
153
174
196
218
138
158
180
201
223
143
164
185
206
126
115
167
189
210
130
151
173
195
215
135
157
180
203
225
144
165
186
209
128
151
174
196
216
136
156
178
200
220
142
163
184
206
126
148
169
192
212
239
116
175
197
221
140
161
187
205
226
145
119
190
211
133
152
173
195
217
137
158
180
201
223
143
165
186
208
128
148
170
125
221
134
155
176
198
219
140
163
184
207
134
150
171
193
214
135
156
180
199
220
141
162
184
206
126
148
170
191
214
114
160
180
203
124
146
166
189
212
133
155
178
199
223
143
165
188
211
131
153
175
199
221
143
370
189
210
133
153
176
198
221
142
164
187
208
133
151
173
197
221
142
165
188
210
131
154
176
199
221
142
164
187
210
131
154
176
199
222
142
164
187
210
129
152
174
197
220
141
163
110
209
130
152
113
197
220
141
162
184
207
129
152
175
196
219
139
161
184
207
128
149
178
194
217
138
160
182
204
127
149
172
195
218
138
160
183
206
127
150
172
194
217
137
161
182
204
124
146
169
192
214
132
153
175
196
218
137
159
181
114
223
144
165
136
211
128
150
171
194
215
133
156
176
198
220
242
162
184
205
124
145
167
188
210
131
150
172
194
169
136
115
180
202
121
143
164
186
207
128
148
171
193
216
134
258
178
199
221
140
161
185
204
226
145
166
188
210
130
151
173
196
218
137
159
180
202
223
144
165
187
114
128
150
173
191
221
134
154
176
200
219
139
160
181
113
122
144
167
189
211
132
154
176
197
219
138
160
181
203
202
144
165
187
209
128
150
171
193
214
134
155
178
198
220
141
162
182
204
124
145
269
189
210
130
152
173
195
216
137
157
113
200
223
141
162
184
205
227
148
168
190
212
132
152
174
195
219
138
115
183
207
127
147
169
191
213
132
154
175
144
218
137
159
182
204
225
145
166
187
208
127
149
171
193
214
134
154
175
197
219
141
166
182
204
125
146
167
188
210
129
151
172
195
216
136
158
180
203
121
143
117
186
208
129
150
172
193
216
116
158
181
203
225
145
165
187
209
128
150
172
194
215
136
157
180
213
223
143
164
182
207
125
147
168
190
211
132
152
175
196
218
137
158
181
202
122
143
164
188
209
130
151
173
196
115
137
160
180
201
114
143
164
185
206
125
146
120
190
213
132
114
175
197
220
140
162
185
207
228
148
169
191
213
132
153
175
198
220
139
159
182
204
123
144
166
188
209
128
150
171
199
216
136
159
181
203
125
145
167
190
213
131
153
175
197
220
138
160
112
203
225
145
166
189
210
131
151
174
197
220
118
159
181
203
122
147
167
193
211
131
154
176
196
219
344
161
184
204
227
148
170
191
214
134
259
179
199
223
142
164
185
210
129
151
172
195
218
138
159
183
205
127
148
170
193
215
135
157
179
202
126
147
171
193
216
137
159
184
205
127
149
171
194
218
140
163
185
207
128
149
172
196
217
138
159
182
204
125
147
115
192
215
136
158
181
205
125
148
172
193
216
137
161
183
206
126
149
171
195
220
139
162
184
208
128
149
172
191
218
139
163
185
208
128
150
173
196
219
141
169
113
213
131
154
176
200
120
142
165
188
210
132
154
176
199
222
142
165
187
210
130
152
176
198
220
144
163
185
208
123
151
174
204
220
140
163
186
209
129
153
174
197
220
140
163
185
208
130
151
172
117
216
137
159
180
201
222
144
165
146
211
130
153
174
197
218
138
160
181
204
225
147
167
188
211
130
152
174
196
218
138
159
181
203
229
247
165
188
209
112
151
174
195
217
137
159
181
203
122
136
164
185
207
127
149
170
192
215
135
156
122
201
222
142
168
184
207
128
151
114
195
217
137
159
180
203
227
144
166
188
209
128
150
171
194
214
134
157
178
201
121
246
165
186
209
128
149
172
193
113
136
159
179
201
222
142
163
186
208
128
149
170
192
213
132
154
177
198
220
130
161
181
205
124
145
166
188
211
131
154
177
199
219
139
161
182
203
123
144
165
187
208
128
115
172
194
215
135
157
179
204
224
142
122
184
206
125
148
168
110
212
132
152
175
197
219
140
153
180
195
225
144
166
189
210
130
151
173
195
216
140
157
178
201
221
137
164
134
209
130
151
173
194
215
113
157
181
200
223
140
161
184
205
124
147
168
189
212
130
151
172
193
216
137
158
179
202
223
142
164
186
208
111
150
171
133
215
135
155
117
199
119
139
162
182
206
114
146
167
179
211
131
151
173
196
216
137
160
182
205
124
146
167
190
210
130
151
173
196
216
136
158
114
202
121
142
164
186
208
129
149
170
192
213
133
154
178
198
220
140
160
182
203
225
134
166
189
199
131
155
171
198
318
135
157
178
200
221
140
163
185
209
128
147
169
191
214
134
156
180
200
229
141
163
183
205
124
145
167
194
213
131
156
176
197
218
138
160
182
205
126
134
167
188
210
131
154
173
194
215
139
156
178
200
222
141
164
183
204
226
147
168
189
213
121
155
177
199
220
141
161
183
204
227
148
170
191
215
137
158
180
202
225
146
166
188
315
133
154
176
199
221
142
162
185
208
130
156
177
200
222
138
164
181
209
125
153
171
195
217
145
165
189
206
127
148
172
195
215
138
159
183
205
126
148
170
194
216
139
160
182
206
125
148
171
192
215
136
159
184
206
127
149
172
195
218
139
162
186
208
129
152
174
197
219
140
163
185
208
130
153
175
197
220
141
163
187
214
129
156
178
201
218
139
162
183
206
229
149
172
195
217
138
161
183
110
126
149
172
199
217
138
160
182
204
125
148
173
195
219
139
161
183
206
126
149
171
203
217
137
158
181
211
226
147
169
191
216
134
155
177
118
219
139
160
183
203
224
144
169
191
206
128
148
171
193
215
134
160
175
199
220
138
161
183
205
111
145
169
189
209
130
151
171
193
216
135
113
112
203
123
144
167
189
214
129
151
172
193
117
136
156
181
200
222
141
162
184
208
126
146
114
190
210
130
151
173
298
219
137
159
185
209
122
144
167
188
209
129
150
172
195
217
135
115
113
200
223
141
161
184
205
123
145
166
189
211
131
155
176
197
218
138
164
184
202
225
143
164
186
209
129
354
171
192
214
133
155
177
198
220
125
160
182
205
225
146
167
188
210
131
152
174
196
218
138
159
181
201
224
142
165
187
208
111
149
170
193
215
135
157
177
199
227
141
165
185
209
128
150
172
194
216
135
472
177
199
221
141
161
183
206
125
145
167
189
211
133
153
175
196
151
137
164
180
203
224
145
165
187
209
129
151
173
195
216
135
157
178
200
222
142
163
184
206
127
148
169
193
213
134
154
177
197
219
140
161
184
207
126
148
170
193
213
132
153
175
299
219
138
159
113
305
122
145
166
189
211
129
151
174
194
215
135
156
177
198
220
141
163
187
206
125
146
168
191
211
132
154
175
196
218
138
159
164
203
225
144
165
187
208
117
150
171
194
220
138
160
185
204
226
146
167
191
209
338
152
175
197
218
138
160
182
203
224
149
164
188
209
129
151
173
195
216
136
157
179
200
120
141
164
186
208
128
149
172
193
216
138
159
110
202
224
143
164
185
207
131
148
170
192
214
134
156
176
199
222
146
169
189
211
126
116
169
191
212
133
154
278
198
219
139
160
182
203
124
145
167
189
214
134
156
177
200
221
143
164
186
209
130
151
172
195
218
138
159
181
204
125
127
168
193
213
136
157
179
202
225
152
166
197
218
134
156
180
202
123
144
168
189
212
134
156
281
200
223
149
166
189
212
131
257
177
199
222
142
164
187
210
130
153
176
198
221
142
164
186
209
131
153
176
199
221
141
164
186
208
232
152
277
197
219
140
162
184
208
128
152
172
195
217
138
161
183
206
129
150
178
201
219
140
166
190
211
130
150
177
196
219
139
167
183
207
129
150
173
196
220
139
162
184
207
129
149
172
195
217
138
112
184
205
128
149
170
193
215
135
156
178
200
221
141
162
184
206
125
148
169
190
210
132
152
174
196
218
139
165
125
204
231
145
168
188
211
129
151
172
196
216
137
156
178
200
222
141
163
189
206
127
147
169
191
213
133
153
174
201
219
138
162
183
131
227
147
170
191
217
132
256
176
198
219
139
160
159
203
127
144
171
191
208
115
150
171
194
216
141
115
181
204
124
144
167
189
211
131
157
173
195
216
136
158
180
201
222
143
168
186
208
130
152
169
191
213
133
154
180
197
115
139
158
181
201
121
142
164
289
208
129
150
172
193
214
133
154
176
202
219
119
160
181
203
224
144
166
188
216
136
153
176
198
220
140
162
184
205
125
146
168
190
213
132
153
175
197
122
144
165
187
209
127
149
170
193
115
137
155
114
199
220
139
159
128
203
122
148
165
187
209
129
151
274
195
217
137
158
181
202
224
143
165
187
209
129
150
174
197
218
138
159
114
207
123
144
164
187
208
129
122
171
193
215
137
156
178
202
120
141
163
185
208
128
150
171
193
217
132
156
152
199
221
138
166
183
205
125
147
168
189
314
131
152
175
196
218
140
160
182
204
124
145
166
188
210
117
153
174
197
218
145
160
181
202
224
144
166
189
210
129
1147
124
116
111
113
116
113
112
118
113
111
181
112
223
143
171
186
210
137
157
175
196
218
137
159
181
203
229
145
165
164
210
132
153
175
197
222
139
159
181
207
124
147
167
190
213
132
152
174
196
218
139
365
183
205
124
146
172
195
208
131
153
172
119
215
138
160
182
204
125
150
167
189
210
133
126
148
197
221
142
163
185
209
232
154
175
203
221
142
163
186
209
130
152
174
197
219
140
162
186
211
129
152
176
200
226
144
166
189
212
133
155
177
200
223
144
112
189
212
133
156
181
200
222
144
165
188
208
235
155
115
195
220
143
164
186
209
130
151
174
197
321
140
162
288
210
231
153
175
202
219
140
162
116
210
132
152
174
198
221
143
164
188
214
133
156
179
206
224
145
272
191
213
135
156
178
201
224
148
167
191
212
135
154
177
200
123
143
165
187
182
131
155
175
198
221
141
164
186
209
131
151
174
195
219
140
158
180
202
222
144
164
184
206
127
147
169
191
212
134
155
180
199
121
137
164
188
210
130
149
173
199
215
137
157
182
203
223
143
165
190
210
129
151
173
195
216
138
159
179
201
222
142
163
186
211
127
148
168
189
211
131
153
173
197
216
136
157
179
201
121
143
164
188
208
129
114
172
194
213
136
161
181
113
115
145
168
192
210
132
152
174
196
218
138
158
178
201
221
141
162
184
207
126
151
172
189
211
132
255
176
195
219
138
157
180
202
224
144
164
188
210
130
152
172
193
217
136
164
178
203
221
140
162
183
205
227
111
167
191
212
133
256
177
200
220
140
161
388
208
124
145
166
189
208
131
155
177
195
223
132
157
178
200
222
141
162
185
207
124
149
170
191
212
132
158
175
200
218
140
162
183
203
228
145
167
116
210
129
151
172
194
215
135
259
180
130
121
144
166
192
214
135
158
180
196
219
139
160
182
204
225
145
168
190
213
134
156
179
201
224
143
166
188
312
128
150
171
193
215
135
156
176
198
219
140
161
184
206
126
149
275
194
112
237
156
178
200
118
140
162
184
206
227
147
168
190
211
131
153
174
196
219
138
164
182
204
123
145
166
187
209
129
150
173
195
217
134
157
178
200
220
140
162
184
206
227
147
169
190
212
136
153
175
201
216
139
160
182
205
225
145
166
192
210
128
150
275
194
214
135
156
176
198
220
140
265
188
208
127
149
171
193
214
117
158
180
202
223
146
166
187
209
130
151
174
197
218
138
159
180
202
224
245
164
186
209
129
150
171
192
214
134
155
177
199
221
145
167
183
206
129
146
168
155
211
234
156
177
198
221
141
163
185
206
126
148
169
191
214
134
155
178
202
224
145
165
188
207
135
152
174
197
220
140
160
184
308
230
150
172
195
218
139
161
183
206
128
149
172
195
218
139
162
184
207
127
149
172
196
218
139
160
183
205
126
148
174
192
213
137
159
182
204
226
147
172
193
216
137
159
181
205
126
150
172
195
218
140
162
183
207
128
150
172
195
218
139
161
184
206
127
149
171
194
217
143
160
183
205
127
149
172
199
218
142
165
183
205
126
148
172
194
218
137
160
182
205
228
149
171
194
219
137
160
185
207
127
150
172
193
217
139
162
185
209
129
150
173
196
219
139
162
185
208
128
149
170
191
213
133
155
178
200
220
140
161
182
205
226
146
166
188
209
129
150
171
194
218
136
158
180
201
224
110
165
187
210
129
151
172
195
215
136
156
177
199
222
141
162
287
209
127
114
170
193
215
237
157
183
200
222
143
164
185
207
127
149
171
191
215
133
154
174
201
223
245
159
180
208
229
143
164
186
208
128
148
170
191
213
134
154
176
114
219
139
160
182
204
225
145
166
187
210
129
252
172
193
215
140
157
180
203
123
144
166
187
211
129
151
173
194
215
135
156
177
204
221
141
163
183
205
125
147
170
294
214
133
257
175
198
322
139
160
183
204
124
146
167
188
210
136
117
174
195
217
136
157
178
201
225
150
163
184
213
125
147
168
189
211
133
129
178
200
222
141
163
186
206
125
146
168
190
212
132
153
173
195
216
136
158
179
207
222
142
164
187
209
128
116
170
193
213
134
155
184
205
220
142
164
187
209
130
150
171
193
215
134
156
178
206
221
143
163
192
214
134
155
177
197
212
135
157
179
201
121
142
164
186
208
128
149
171
193
215
136
158
179
201
223
142
164
185
208
128
150
171
192
214
133
157
178
200
221
141
116
184
207
125
147
169
190
212
132
152
175
197
220
141
168
184
207
131
146
169
190
212
132
155
175
198
221
140
163
186
208
128
149
171
193
216
136
158
180
201
223
143
165
185
215
128
151
171
194
113
134
156
177
200
120
129
163
184
206
125
148
272
192
212
133
154
175
197
219
140
263
120
208
124
153
167
189
314
131
153
174
196
218
138
165
186
202
232
151
168
190
212
132
153
175
197
218
138
159
180
202
326
145
166
187
215
436
355
175
112
629
139
165
182
204
126
148
168
189
212
135
155
178
199
222
143
165
189
315
131
152
117
196
218
138
161
184
309
128
149
171
194
216
139
160
184
208
131
152
173
197
219
140
164
186
207
128
150
174
197
221
143
165
187
208
131
150
175
202
177
140
162
185
207
129
151
174
196
219
139
161
184
207
129
149
173
195
219
139
366
184
165
129
151
173
196
219
139
161
183
205
126
148
170
296
217
137
160
185
207
331
150
172
196
218
138
160
186
207
128
150
173
503
218
147
160
185
207
132
252
276
197
220
140
162
184
208
129
151
174
197
324
142
164
187
211
132
153
163
199
221
143
164
188
210
233
153
175
202
221
139
161
181
204
124
146
168
169
213
134
156
177
199
221
139
177
182
205
226
146
166
189
210
131
153
173
195
217
140
115
180
302
222
142
162
184
207
127
148
169
190
211
131
153
176
197
219
139
160
182
203
111
144
269
188
209
129
150
172
193
215
110
156
177
201
120
142
112
186
213
334
151
170
195
216
136
158
179
200
221
142
162
183
205
125
147
169
191
212
132
153
175
196
218
139
159
181
203
223
144
170
114
210
128
149
171
192
214
133
154
175
197
218
138
159
180
202
223
144
267
186
208
127
148
171
194
216
137
158
180
201
223
142
163
185
205
227
147
169
191
211
137
152
174
196
217
137
159
180
202
228
145
166
186
208
129
149
171
194
216
136
114
177
199
225
139
162
181
204
225
144
269
188
209
129
152
174
194
215
135
155
177
199
224
140
114
185
208
128
149
172
193
214
134
154
176
198
220
138
159
181
203
123
145
167
189
210
129
150
172
194
215
135
161
178
200
221
141
118
183
205
126
149
170
192
214
236
155
176
198
220
139
160
182
204
124
144
166
186
209
130
151
172
195
217
137
159
181
204
225
144
166
187
209
129
150
172
194
216
136
158
179
202
222
143
163
185
206
126
147
169
192
214
133
154
177
198
220
140
163
184
206
126
148
171
192
215
236
156
178
201
122
144
166
290
210
129
150
173
195
216
137
158
180
203
225
146
168
189
211
132
152
173
195
216
135
156
179
200
120
109
164
186
209
127
150
173
195
216
136
157
179
201
121
142
164
185
208
131
149
170
193
115
132
155
175
197
219
138
160
181
203
225
146
167
190
211
114
153
173
197
218
139
160
182
205
127
148
168
190
213
134
156
178
200
221
142
162
184
208
130
151
172
194
218
139
160
183
309
129
148
171
195
216
138
158
283
204
226
146
168
195
219
117
257
183
201
122
143
166
189
216
135
155
177
198
220
244
164
185
208
129
151
173
198
221
142
165
187
210
132
153
176
199
222
142
164
188
210
133
152
174
196
218
138
162
184
208
128
150
173
195
216
138
160
182
205
125
147
169
193
215
112
158
181
204
226
249
170
194
216
136
159
181
203
124
147
169
192
215
134
157
179
202
225
147
171
194
217
139
160
183
206
127
150
173
195
218
138
160
183
206
130
147
168
191
212
129
157
181
196
182
137
160
182
202
224
144
165
187
209
128
150
171
193
214
136
156
178
200
220
242
161
184
205
124
145
167
189
210
131
151
172
196
217
138
117
183
205
125
147
169
191
212
132
153
174
201
217
137
158
181
202
224
144
165
187
208
128
149
114
193
213
135
154
176
199
220
140
160
182
209
125
148
168
189
211
130
151
173
194
215
135
156
178
200
222
147
162
184
206
127
147
169
191
215
134
156
177
199
221
141
163
183
308
124
146
167
189
212
129
151
173
196
217
137
159
181
203
127
144
165
188
209
128
152
173
197
218
138
160
187
207
223
144
271
186
114
128
151
170
192
214
133
160
178
200
221
140
162
287
206
126
148
170
195
216
136
158
179
201
222
143
167
185
208
127
148
170
191
315
233
153
174
194
217
136
156
178
200
119
141
163
184
206
128
147
168
189
211
131
153
174
197
218
138
160
181
202
137
148
170
192
216
128
151
172
194
216
135
155
178
198
221
128
163
186
209
127
149
172
192
214
133
154
174
196
320
138
158
180
204
223
143
164
186
208
127
149
170
192
214
136
157
179
198
219
140
160
183
207
124
147
167
192
211
133
155
174
196
185
138
160
181
203
224
144
164
186
208
332
149
170
192
214
137
156
178
200
221
141
163
185
206
127
155
170
193
215
134
156
178
202
223
143
164
186
213
128
150
171
192
220
140
155
177
202
223
142
162
185
308
230
151
170
194
215
238
157
178
203
225
146
164
186
209
129
150
171
192
215
134
161
178
202
226
145
165
186
208
128
150
172
194
215
136
156
177
199
219
143
164
183
309
127
148
170
192
215
133
161
179
201
122
145
167
188
213
133
154
177
198
220
148
162
184
207
128
149
175
193
216
135
157
180
203
122
145
168
190
213
134
154
177
201
124
144
167
190
217
133
156
178
203
228
144
166
189
212
137
155
178
203
224
247
165
188
210
134
257
178
304
223
143
163
188
212
133
257
178
204
224
144
166
295
213
138
154
179
199
223
144
165
184
207
131
154
177
199
221
244
164
288
209
131
118
277
201
326
144
164
187
210
130
152
175
302
222
142
166
188
211
130
152
175
199
219
141
163
185
209
129
156
175
198
223
141
164
187
209
130
152
174
197
219
140
162
183
205
226
148
370
189
212
132
152
174
195
217
138
160
184
202
225
148
152
193
211
130
150
176
199
216
136
157
179
205
223
142
266
186
113
126
148
170
192
214
133
154
176
197
223
139
159
180
203
124
145
167
187
215
133
150
176
194
216
136
157
179
200
221
145
163
184
205
227
147
168
189
209
134
154
174
200
219
117
161
286
205
124
146
172
189
209
129
150
172
194
215
135
156
181
302
221
141
162
184
206
126
146
168
194
211
131
152
173
160
219
138
159
181
207
225
144
165
286
209
130
150
171
193
218
133
258
176
197
224
139
160
182
204
127
145
168
293
213
133
158
176
199
219
144
263
183
204
131
144
167
291
209
131
155
172
194
217
135
158
179
302
223
143
163
185
206
126
147
169
191
213
133
155
180
303
220
139
160
283
204
121
145
266
188
212
129
151
172
195
214
138
160
184
208
125
147
170
193
212
133
153
175
200
215
137
158
184
202
122
144
165
116
207
129
151
176
198
317
135
160
182
204
219
144
166
188
208
224
149
171
192
214
129
149
176
198
213
141
161
176
197
222
147
163
111
214
126
154
176
199
213
132
114
184
207
127
149
171
193
211
134
156
177
196
217
342
164
186
203
224
142
162
114
210
134
148
172
195
217
133
161
184
202
224
147
164
186
414
127
151
173
196
217
137
157
182
203
223
143
164
186
212
129
150
172
193
215
136
157
178
201
224
149
166
188
211
131
154
176
198
219
138
161
183
309
228
148
273
296
216
135
156
179
201
222
142
163
185
208
130
150
170
192
213
133
154
177
404
221
141
162
183
206
329
148
169
191
213
134
155
178
198
220
140
161
183
207
126
153
169
190
213
135
155
179
201
122
144
164
187
210
131
152
174
197
118
138
160
182
205
132
148
170
193
217
137
158
181
207
123
144
168
190
213
133
113
177
201
224
143
166
188
211
133
157
176
200
222
142
165
189
210
131
154
176
199
223
143
165
291
211
130
153
175
199
120
146
167
188
211
133
154
177
201
223
143
166
188
210
131
153
176
199
221
142
165
188
172
130
153
176
200
120
143
165
187
210
131
154
176
199
222
245
165
187
211
131
153
138
200
221
142
164
187
209
130
153
177
198
221
142
164
188
209
131
257
177
197
221
141
162
186
209
131
153
176
198
221
141
162
184
204
227
145
168
189
211
130
153
173
195
216
136
156
178
201
223
143
164
185
207
131
148
169
190
212
132
155
177
198
218
240
162
181
203
123
144
166
188
210
113
152
173
201
216
141
117
181
203
123
247
166
188
210
233
151
173
194
216
136
157
179
201
222
142
164
185
211
127
148
169
195
211
135
152
174
196
217
136
157
179
201
121
143
164
187
208
128
149
172
194
217
134
155
177
199
226
141
160
182
204
124
146
168
118
214
110
156
179
199
221
140
161
183
205
124
145
166
188
209
129
150
172
194
216
136
158
179
303
222
142
162
183
206
126
147
169
191
213
132
153
180
195
217
239
159
181
204
225
145
165
188
209
230
175
169
153
213
134
155
177
199
116
139
161
183
308
124
147
167
189
211
131
151
172
194
215
136
156
177
198
220
141
162
183
205
125
146
169
191
213
132
153
174
196
218
138
159
185
202
224
143
164
187
208
128
151
171
192
213
133
155
176
199
130
141
163
184
308
125
248
168
190
211
133
155
177
198
220
139
160
181
204
124
145
167
188
209
129
151
174
196
218
138
159
182
203
123
143
169
187
209
130
152
174
196
217
136
158
179
202
222
144
164
185
208
127
150
171
198
214
133
156
177
163
221
141
163
184
205
125
146
167
190
213
135
156
178
201
222
142
163
186
208
128
152
172
193
215
135
156
178
200
225
142
163
185
209
128
149
170
191
214
134
155
178
201
121
142
164
187
208
128
150
173
194
216
135
156
179
199
324
144
165
187
209
128
151
172
194
216
135
157
180
203
226
146
167
189
211
131
151
173
195
215
238
160
183
203
125
116
168
188
210
130
152
174
196
218
139
162
183
207
127
148
169
192
214
136
162
181
204
126
148
170
192
214
138
259
180
204
124
248
171
192
115
134
155
177
199
122
142
267
193
212
134
155
178
201
224
144
166
188
210
131
154
177
200
223
144
165
188
211
132
154
177
199
221
143
164
187
210
131
153
175
199
221
142
163
188
209
130
122
175
196
219
140
162
186
209
130
151
174
198
219
141
162
186
208
128
151
174
196
219
141
163
185
208
129
153
175
198
221
142
163
289
209
130
153
175
198
223
140
163
187
208
130
151
174
197
222
141
164
187
209
130
152
177
198
222
141
164
186
171
129
149
172
193
215
134
154
279
199
220
140
161
181
203
122
144
166
187
210
130
153
157
196
217
137
158
182
202
224
144
164
187
209
127
148
170
193
214
133
155
176
198
219
138
262
110
204
124
145
167
189
210
130
150
172
196
218
138
114
182
204
124
146
167
188
211
134
156
177
196
217
136
156
178
199
221
142
163
288
189
127
114
173
196
217
136
158
180
203
121
142
164
186
208
128
150
170
192
111
133
154
176
198
231
139
162
182
114
233
145
168
189
212
131
153
174
117
216
140
158
182
202
122
145
165
188
209
128
250
176
193
216
139
156
177
200
221
141
167
116
209
130
150
172
194
217
138
158
178
204
221
141
169
185
206
126
149
171
192
215
133
155
177
199
323
141
163
185
205
127
147
170
191
212
131
152
175
197
218
138
162
182
203
122
144
165
187
310
128
151
171
193
214
140
155
178
199
220
140
164
186
214
129
150
171
194
214
135
157
177
199
221
141
162
187
206
126
146
167
189
212
131
151
173
195
217
136
158
180
202
124
143
164
186
208
127
150
169
190
212
133
154
176
198
321
139
160
183
204
225
146
166
188
210
130
151
172
194
217
136
159
189
203
225
145
166
189
209
129
151
172
194
215
237
156
178
200
222
142
164
185
206
228
148
169
190
212
131
153
175
195
217
137
262
180
202
224
144
167
188
209
129
150
171
193
215
136
157
179
199
221
143
272
184
207
127
149
172
193
218
137
160
181
203
224
144
166
188
210
131
152
175
196
217
137
158
178
207
123
141
169
186
208
231
149
171
191
214
133
155
176
198
219
140
162
183
205
125
146
168
190
212
134
154
176
197
221
141
167
184
206
126
148
169
191
214
135
157
179
203
226
250
170
192
217
134
161
121
202
123
143
165
187
209
118
153
176
200
122
145
165
197
210
133
154
176
302
226
144
267
190
221
136
155
178
201
223
144
167
189
211
132
154
178
201
224
146
268
192
213
134
156
178
200
122
145
167
189
227
134
156
179
304
122
144
167
190
213
133
155
178
201
223
145
166
193
209
132
154
177
205
221
144
166
188
209
132
255
178
205
328
146
169
190
210
133
155
178
200
222
144
167
190
214
133
156
178
200
224
147
166
194
211
132
154
177
199
226
143
166
192
215
135
157
179
202
224
150
172
190
213
131
153
176
201
217
141
158
180
202
121
143
164
188
208
127
149
171
193
214
134
156
177
199
222
149
163
185
205
227
117
167
190
211
132
151
173
196
216
135
157
178
202
222
142
163
185
310
129
115
113
196
217
137
113
179
200
222
143
165
187
208
128
150
172
194
216
136
157
179
201
222
142
163
288
207
126
147
169
191
116
131
153
175
197
219
139
161
182
205
227
148
169
189
211
131
152
175
197
220
138
164
181
203
122
143
165
188
210
130
110
177
197
220
139
161
182
203
226
144
166
187
208
128
149
173
195
218
136
260
179
201
223
143
165
186
208
128
149
119
193
214
133
154
176
202
220
140
160
182
205
124
145
166
189
210
130
152
172
296
218
137
158
178
200
222
142
163
186
210
130
152
174
195
217
137
158
179
201
223
143
266
186
207
117
147
170
192
215
134
155
177
199
222
143
165
187
208
128
151
171
193
213
141
157
179
200
222
142
163
185
208
128
148
171
192
213
132
257
176
198
219
139
160
286
206
125
250
170
192
214
134
155
177
199
221
141
161
184
206
330
148
168
191
213
133
153
176
199
221
141
162
184
208
126
149
169
192
163
133
155
182
199
221
149
163
184
206
127
148
169
191
213
235
154
177
199
222
141
162
184
206
126
149
169
191
213
134
114
178
201
223
143
163
186
209
127
149
170
193
216
135
155
177
200
221
140
162
184
206
126
147
174
190
210
130
151
171
195
216
137
158
180
202
326
144
165
187
311
130
150
173
195
218
137
160
181
203
123
145
166
185
210
129
150
172
194
216
139
159
284
204
123
145
167
189
210
130
254
175
197
217
137
158
181
203
123
144
165
188
208
128
150
118
195
215
136
158
180
201
225
144
165
187
210
131
152
174
197
323
141
162
184
208
127
151
171
194
217
137
157
180
204
225
146
169
192
215
136
159
181
204
124
148
168
191
317
135
156
180
203
124
145
168
192
214
136
158
180
204
227
147
170
190
215
137
158
180
203
124
147
169
192
215
135
157
182
203
122
145
168
190
213
134
157
180
203
124
146
169
192
215
135
159
180
203
225
249
169
193
217
137
262
183
206
126
148
170
196
216
137
159
182
205
124
146
169
113
215
136
157
179
201
122
145
167
189
212
133
156
178
202
223
144
166
188
211
132
155
178
201
169
143
174
187
208
128
149
172
192
215
133
154
175
198
219
139
161
182
176
125
146
170
190
211
130
151
174
193
215
135
156
178
202
222
142
163
185
207
126
147
169
190
315
112
153
174
196
218
138
161
183
204
226
145
167
188
210
130
119
173
195
217
136
157
179
200
120
142
163
185
207
229
147
168
192
214
134
110
114
202
224
143
165
186
208
132
149
171
192
214
133
154
176
199
220
140
160
182
206
124
350
167
189
211
131
152
173
194
216
136
116
118
200
221
141
163
287
309
126
148
113
192
214
133
154
175
196
218
140
161
183
205
126
147
169
192
214
134
156
179
201
222
142
163
185
210
128
149
277
194
216
136
157
180
201
223
142
164
186
207
127
148
169
190
212
132
153
175
196
217
136
157
117
200
222
141
163
184
206
126
147
168
190
213
132
153
175
196
218
143
160
182
203
226
145
167
189
216
132
154
175
196
218
139
159
181
202
122
142
164
185
310
128
150
172
193
215
134
156
178
199
221
140
162
181
203
225
145
167
194
209
112
151
171
194
216
137
157
184
206
221
142
163
184
205
231
146
167
189
211
134
153
174
195
216
136
158
186
204
226
145
166
188
210
130
152
172
194
216
135
157
180
201
222
143
163
185
207
228
148
169
190
212
133
154
176
198
220
141
162
184
206
116
145
167
189
210
130
152
175
196
216
137
157
179
201
222
142
164
186
208
128
150
171
193
215
137
164
183
204
225
145
167
189
211
131
152
175
198
220
139
161
183
205
227
147
169
190
211
131
153
174
197
220
138
159
180
203
225
145
167
187
150
128
151
172
194
322
137
157
178
200
223
144
165
187
209
131
152
277
199
219
141
161
184
208
129
153
180
200
221
142
164
185
217
129
152
173
196
219
241
162
185
207
129
150
173
195
218
140
160
184
207
128
149
173
195
217
137
159
183
206
127
149
172
195
217
137
113
181
205
228
149
171
194
217
138
160
182
206
126
147
171
193
216
137
161
185
208
129
151
173
195
217
140
160
286
208
129
150
172
194
216
137
159
182
205
126
148
171
194
217
138
161
183
207
127
150
173
195
218
139
162
185
115
128
150
173
195
217
138
159
182
206
127
150
172
194
217
138
161
183
207
127
148
173
196
221
141
162
185
208
129
150
172
195
218
139
162
184
208
129
150
173
195
218
137
159
180
202
224
142
164
187
209
130
148
170
193
215
134
156
182
199
158
139
161
182
204
225
145
166
188
210
129
151
173
193
215
135
156
177
199
221
141
163
186
120
127
149
171
193
214
134
155
175
197
219
144
162
181
203
225
144
166
117
210
128
150
172
193
214
134
155
178
199
323
139
161
183
206
125
146
169
192
213
132
154
175
198
220
140
160
182
205
226
145
166
188
209
129
114
172
194
215
112
158
113
203
225
145
167
189
210
130
152
173
195
216
135
156
178
201
222
142
163
185
207
126
147
272
191
212
131
152
174
196
217
138
158
182
201
121
142
164
186
208
128
150
171
193
112
134
156
177
200
221
141
165
184
206
126
149
172
194
216
137
158
180
201
223
246
165
185
206
125
146
168
196
210
130
151
173
195
217
137
159
180
201
223
143
164
185
206
126
147
168
190
212
132
153
176
196
205
138
159
180
202
223
142
164
185
207
129
151
170
192
214
134
155
177
200
220
140
162
186
207
128
252
171
194
215
135
155
177
198
220
139
161
183
204
226
145
167
189
211
131
152
175
196
218
138
159
181
120
122
143
164
187
208
230
149
172
193
318
135
258
179
202
222
142
164
184
206
127
147
169
191
212
131
152
174
196
153
136
159
182
205
125
146
167
188
210
129
151
172
192
215
134
154
176
198
219
139
161
182
203
225
144
165
188
210
130
151
115
195
217
137
158
180
203
223
144
166
187
311
130
153
176
196
218
138
160
181
203
224
143
164
186
208
128
150
156
192
214
138
156
178
200
222
142
164
184
206
126
147
169
191
212
133
155
176
197
220
140
162
184
207
128
150
172
194
217
138
162
181
203
125
146
167
190
212
133
156
177
200
120
142
163
186
209
130
151
174
200
222
142
164
186
210
129
152
175
198
221
142
165
188
210
131
154
176
199
222
143
165
188
210
132
155
176
199
221
142
164
188
210
131
153
175
197
220
141
163
170
207
128
149
172
195
218
241
161
183
206
229
150
172
195
321
139
160
182
205
126
148
171
195
215
136
158
181
203
113
148
171
194
221
137
159
182
205
227
149
170
193
215
136
158
181
204
125
147
172
193
216
137
159
184
205
125
148
171
193
216
137
161
184
206
127
150
172
192
214
135
156
176
301
220
139
161
183
204
123
143
165
187
209
129
150
173
194
216
137
160
182
167
123
144
166
187
209
129
151
173
195
217
138
158
179
202
122
142
163
184
206
125
250
169
190
212
132
153
174
196
218
136
158
282
201
223
142
117
187
208
129
252
171
193
114
135
155
176
198
220
140
161
183
205
226
146
168
189
211
114
153
114
198
220
140
161
183
204
124
146
168
190
212
131
152
275
194
215
135
156
178
201
119
141
170
185
207
127
150
172
192
215
135
156
178
202
221
142
162
184
206
125
113
168
188
210
130
151
173
195
216
136
158
178
200
222
142
163
186
209
130
152
173
195
217
138
158
181
522
223
143
164
186
208
128
149
171
193
215
117
155
177
199
220
140
160
182
307
123
145
166
188
210
130
151
173
195
216
136
157
179
201
222
142
164
185
207
127
148
169
192
212
132
153
175
199
220
140
162
186
208
127
148
170
192
213
132
155
175
197
219
140
161
182
204
123
145
168
190
211
131
152
174
196
217
136
158
180
201
223
143
165
287
210
128
149
171
193
214
133
156
178
130
222
142
163
185
206
125
147
168
191
212
132
153
176
197
219
139
161
183
206
126
147
168
190
212
131
153
382
196
218
137
158
180
201
224
144
167
187
209
129
152
173
195
217
136
261
181
202
224
144
168
188
211
129
150
174
194
217
137
158
181
185
123
145
167
188
210
131
151
173
196
218
241
160
181
205
124
147
169
193
215
135
155
179
200
121
142
164
187
209
231
150
172
193
215
135
156
178
201
121
142
164
186
208
128
150
171
193
216
134
157
178
200
222
141
164
186
208
128
150
172
194
216
137
159
181
203
117
144
166
187
211
132
153
175
197
119
142
165
186
209
130
152
172
196
218
140
160
287
205
227
148
173
194
217
138
159
181
204
125
146
168
191
215
237
157
181
202
123
145
168
195
214
135
157
179
202
122
144
167
189
211
131
153
176
199
150
142
165
188
211
131
154
176
199
220
143
166
188
210
131
153
175
198
221
142
164
186
313
129
151
174
198
220
141
163
185
208
129
151
174
196
219
141
163
185
208
129
151
174
196
219
140
162
183
207
128
150
173
196
219
140
162
185
207
127
150
172
195
217
137
160
219
206
126
147
171
195
219
139
160
182
204
227
147
167
189
210
131
156
173
196
217
138
158
180
203
123
144
165
187
208
129
149
170
192
213
134
154
176
198
220
139
161
182
204
226
146
166
189
210
129
253
173
298
217
135
157
280
206
121
142
165
186
308
128
151
175
116
218
139
160
182
203
124
144
166
188
210
130
152
173
195
218
136
158
180
201
223
143
165
187
209
128
149
170
191
213
133
155
181
198
220
140
162
184
204
225
147
167
190
211
131
152
174
196
218
238
160
180
203
224
145
165
187
209
130
153
176
196
220
138
157
181
202
230
143
167
186
311
132
148
170
195
214
135
155
280
197
218
138
160
182
203
124
143
167
188
209
127
149
177
194
217
135
113
178
201
222
141
163
185
206
128
149
169
189
213
131
152
173
194
218
136
157
179
203
223
146
268
188
210
131
150
172
193
214
134
156
178
197
218
138
160
184
204
123
145
168
189
211
130
152
177
195
217
138
159
180
201
121
144
167
289
209
129
123
171
192
214
133
155
176
200
219
139
159
183
204
225
246
165
186
208
128
253
119
196
217
143
158
282
201
222
142
163
185
206
125
147
168
190
156
131
153
177
114
219
138
161
183
206
228
147
170
190
212
132
153
175
197
219
139
161
183
204
123
146
168
189
210
132
152
173
195
218
139
159
182
204
123
145
167
118
212
130
111
177
199
217
141
162
183
205
124
147
168
191
213
141
156
177
198
118
139
162
184
207
125
159
169
192
217
137
156
178
199
324
144
164
187
209
127
150
174
194
216
135
156
177
201
325
144
164
186
212
129
149
171
193
215
133
156
178
201
223
144
167
290
211
131
152
178
196
218
141
162
183
205
228
149
171
199
216
138
158
180
202
122
145
166
188
212
235
155
176
200
119
141
162
184
208
132
152
171
196
218
140
160
184
205
127
149
170
192
215
136
158
181
204
125
146
167
190
213
136
158
182
204
124
146
170
194
217
135
157
182
204
226
148
170
192
216
138
161
180
204
226
146
169
191
214
136
115
181
205
225
145
168
191
213
134
157
179
203
226
147
168
192
213
133
155
179
200
223
144
167
189
211
132
155
177
199
223
142
165
178
211
133
155
177
301
221
149
164
187
211
132
153
176
200
221
142
168
186
209
131
152
175
196
219
140
162
185
207
128
150
171
192
151
134
154
176
198
220
139
161
182
204
123
247
167
189
210
129
151
173
195
217
136
157
178
200
220
141
164
114
160
130
150
172
199
215
135
155
176
198
220
139
161
182
204
226
146
168
189
210
129
150
172
196
218
138
158
180
203
122
145
268
187
208
128
149
171
194
215
135
156
178
200
222
142
165
186
207
126
148
170
191
213
132
115
175
196
218
139
163
115
206
127
148
169
191
213
134
155
177
199
221
140
162
183
204
225
248
167
188
210
129
151
175
195
216
136
157
179
200
221
141
161
183
205
125
148
169
191
214
134
154
175
300
220
139
160
182
204
125
144
166
188
211
129
151
173
195
218
138
159
181
202
121
143
164
186
208
128
149
170
192
213
133
155
175
197
219
139
160
182
204
124
147
166
188
209
130
151
174
194
216
138
157
178
200
222
142
163
185
310
129
112
171
194
213
146
153
174
196
218
138
159
181
203
123
143
165
188
215
132
154
175
196
218
138
159
283
202
121
142
266
186
209
129
150
171
192
214
133
154
176
197
219
139
160
182
212
225
145
166
187
209
129
149
171
193
215
134
155
176
199
220
138
159
181
205
122
142
164
186
209
128
149
171
192
219
235
156
178
200
221
141
163
186
206
126
148
168
191
213
132
257
175
197
220
139
161
183
205
124
146
168
189
212
