0.931 0.00178891
0.942 0.00357782
0.943 0.00536673
0.955 0.00715564
0.971 0.00894454
0.991 0.0107335
1.002 0.0125224
1.006 0.0143113
1.015 0.0161002
1.015 0.0178891
1.017 0.019678
1.018 0.0214669
1.043 0.0232558
1.051 0.0250447
1.057 0.0268336
1.069 0.0286225
1.069 0.0304114
1.093 0.0322004
1.099 0.0339893
1.103 0.0357782
1.104 0.0375671
1.109 0.039356
1.118 0.0411449
1.126 0.0429338
1.131 0.0447227
1.149 0.0465116
1.196 0.0483005
1.204 0.0500894
1.206 0.0518784
1.212 0.0536673
1.215 0.0554562
1.224 0.0572451
1.243 0.059034
1.248 0.0608229
1.251 0.0626118
1.267 0.0644007
1.275 0.0661896
1.303 0.0679785
1.334 0.0697674
1.343 0.0715564
1.347 0.0733453
1.384 0.0751342
1.415 0.0769231
1.437 0.078712
1.451 0.0805009
1.465 0.0822898
1.480 0.0840787
1.512 0.0858676
1.648 0.0876565
1.692 0.0894454
1.799 0.0912343
1.847 0.0930233
1.940 0.0948122
1.972 0.0966011
2.018 0.09839
2.032 0.100179
2.126 0.101968
2.161 0.103757
2.208 0.105546
2.233 0.107335
2.342 0.109123
2.428 0.110912
2.499 0.112701
2.541 0.11449
2.624 0.116279
2.624 0.118068
2.695 0.119857
2.865 0.121646
3.143 0.123435
3.387 0.125224
3.697 0.127013
3.779 0.128801
4.018 0.13059
6.140 0.132379
6.391 0.134168
6.678 0.135957
6.682 0.137746
6.738 0.139535
6.776 0.141324
6.812 0.143113
6.847 0.144902
6.862 0.146691
6.895 0.148479
6.969 0.150268
7.022 0.152057
7.075 0.153846
7.080 0.155635
7.088 0.157424
7.139 0.159213
7.172 0.161002
7.180 0.162791
7.185 0.16458
7.208 0.166369
7.213 0.168157
7.216 0.169946
7.216 0.171735
7.239 0.173524
7.247 0.175313
7.321 0.177102
7.378 0.178891
7.421 0.18068
7.427 0.182469
7.431 0.184258
7.439 0.186047
7.440 0.187835
7.446 0.189624
7.503 0.191413
7.560 0.193202
7.584 0.194991
7.603 0.19678
7.641 0.198569
7.654 0.200358
7.657 0.202147
7.681 0.203936
7.716 0.205725
7.780 0.207513
7.780 0.209302
7.789 0.211091
7.806 0.21288
7.835 0.214669
7.884 0.216458
7.889 0.218247
7.973 0.220036
7.990 0.221825
8.000 0.223614
8.004 0.225403
8.024 0.227191
8.044 0.22898
8.056 0.230769
8.082 0.232558
8.135 0.234347
8.157 0.236136
8.190 0.237925
8.233 0.239714
8.256 0.241503
8.269 0.243292
8.277 0.245081
8.299 0.246869
8.372 0.248658
8.375 0.250447
8.395 0.252236
8.453 0.254025
8.472 0.255814
8.481 0.257603
8.482 0.259392
8.520 0.261181
8.688 0.26297
8.716 0.264758
8.770 0.266547
8.842 0.268336
8.865 0.270125
8.880 0.271914
8.885 0.273703
8.940 0.275492
8.983 0.277281
8.988 0.27907
8.992 0.280859
8.997 0.282648
9.022 0.284436
9.051 0.286225
9.071 0.288014
9.141 0.289803
9.141 0.291592
9.212 0.293381
9.237 0.29517
9.247 0.296959
9.253 0.298748
9.264 0.300537
9.272 0.302326
9.275 0.304114
9.342 0.305903
9.380 0.307692
9.401 0.309481
9.427 0.31127
9.503 0.313059
9.530 0.314848
9.536 0.316637
9.545 0.318426
9.554 0.320215
9.641 0.322004
9.847 0.323792
9.858 0.325581
9.877 0.32737
9.878 0.329159
9.927 0.330948
9.929 0.332737
9.944 0.334526
9.946 0.336315
9.989 0.338104
10.040 0.339893
10.177 0.341682
10.239 0.34347
10.354 0.345259
10.411 0.347048
10.418 0.348837
10.495 0.350626
10.505 0.352415
10.521 0.354204
10.560 0.355993
10.582 0.357782
10.588 0.359571
10.604 0.36136
10.627 0.363148
10.649 0.364937
10.674 0.366726
10.752 0.368515
10.857 0.370304
10.877 0.372093
10.933 0.373882
10.973 0.375671
11.024 0.37746
11.126 0.379249
11.197 0.381038
11.260 0.382826
11.279 0.384615
11.341 0.386404
11.408 0.388193
11.411 0.389982
11.474 0.391771
11.615 0.39356
11.627 0.395349
11.667 0.397138
11.680 0.398927
11.718 0.400716
11.766 0.402504
11.795 0.404293
11.795 0.406082
11.844 0.407871
11.866 0.40966
11.877 0.411449
11.897 0.413238
11.902 0.415027
11.977 0.416816
12.014 0.418605
12.017 0.420394
12.047 0.422182
12.062 0.423971
12.068 0.42576
12.107 0.427549
12.154 0.429338
12.183 0.431127
12.229 0.432916
12.253 0.434705
12.275 0.436494
12.281 0.438283
12.284 0.440072
12.352 0.44186
12.394 0.443649
12.412 0.445438
12.419 0.447227
12.426 0.449016
12.477 0.450805
12.494 0.452594
12.500 0.454383
12.547 0.456172
12.560 0.457961
12.563 0.45975
12.573 0.461538
12.585 0.463327
12.676 0.465116
12.687 0.466905
12.693 0.468694
12.709 0.470483
12.711 0.472272
12.738 0.474061
12.740 0.47585
12.763 0.477639
12.844 0.479428
12.861 0.481216
12.875 0.483005
12.979 0.484794
13.110 0.486583
13.142 0.488372
13.149 0.490161
13.154 0.49195
13.157 0.493739
13.196 0.495528
13.246 0.497317
13.250 0.499106
13.330 0.500894
13.346 0.502683
13.372 0.504472
13.376 0.506261
13.410 0.50805
13.433 0.509839
13.434 0.511628
13.445 0.513417
13.455 0.515206
13.482 0.516995
13.505 0.518784
13.507 0.520572
13.514 0.522361
13.514 0.52415
13.520 0.525939
13.551 0.527728
13.572 0.529517
13.576 0.531306
13.597 0.533095
13.602 0.534884
13.604 0.536673
13.608 0.538462
13.638 0.54025
13.647 0.542039
13.650 0.543828
13.651 0.545617
13.656 0.547406
13.670 0.549195
13.688 0.550984
13.709 0.552773
13.712 0.554562
13.723 0.556351
13.738 0.55814
13.759 0.559928
13.759 0.561717
13.765 0.563506
13.781 0.565295
13.784 0.567084
13.788 0.568873
13.811 0.570662
13.815 0.572451
13.817 0.57424
13.838 0.576029
13.856 0.577818
13.861 0.579606
13.903 0.581395
13.907 0.583184
13.940 0.584973
13.957 0.586762
13.985 0.588551
13.989 0.59034
14.040 0.592129
14.055 0.593918
14.096 0.595707
14.103 0.597496
14.125 0.599284
14.150 0.601073
14.201 0.602862
14.233 0.604651
14.235 0.60644
14.250 0.608229
14.255 0.610018
14.299 0.611807
14.324 0.613596
14.327 0.615385
14.378 0.617174
14.388 0.618962
14.438 0.620751
14.457 0.62254
14.497 0.624329
14.508 0.626118
14.519 0.627907
14.528 0.629696
14.533 0.631485
14.540 0.633274
14.541 0.635063
14.557 0.636852
14.558 0.63864
14.621 0.640429
14.635 0.642218
14.637 0.644007
14.649 0.645796
14.650 0.647585
14.688 0.649374
14.817 0.651163
14.818 0.652952
14.866 0.654741
14.871 0.65653
14.896 0.658318
14.908 0.660107
14.912 0.661896
14.915 0.663685
14.938 0.665474
14.946 0.667263
14.955 0.669052
14.957 0.670841
14.985 0.67263
14.988 0.674419
15.002 0.676208
15.019 0.677996
15.089 0.679785
15.097 0.681574
15.120 0.683363
15.129 0.685152
15.156 0.686941
15.160 0.68873
15.163 0.690519
15.171 0.692308
15.187 0.694097
15.189 0.695886
15.263 0.697674
15.274 0.699463
15.328 0.701252
15.333 0.703041
15.344 0.70483
15.347 0.706619
15.372 0.708408
15.398 0.710197
15.413 0.711986
15.424 0.713775
15.445 0.715564
15.475 0.717352
15.491 0.719141
15.502 0.72093
15.534 0.722719
15.541 0.724508
15.543 0.726297
15.598 0.728086
15.654 0.729875
15.667 0.731664
15.671 0.733453
15.679 0.735242
15.688 0.73703
15.772 0.738819
15.793 0.740608
15.823 0.742397
15.963 0.744186
15.965 0.745975
15.990 0.747764
16.059 0.749553
16.071 0.751342
16.078 0.753131
16.082 0.754919
16.094 0.756708
16.188 0.758497
16.195 0.760286
16.199 0.762075
16.210 0.763864
16.233 0.765653
16.247 0.767442
16.332 0.769231
16.346 0.77102
16.353 0.772809
16.397 0.774597
16.400 0.776386
16.450 0.778175
16.480 0.779964
16.485 0.781753
16.496 0.783542
16.499 0.785331
16.505 0.78712
16.552 0.788909
16.592 0.790698
16.608 0.792487
16.701 0.794275
16.713 0.796064
16.730 0.797853
16.746 0.799642
16.797 0.801431
16.809 0.80322
16.810 0.805009
16.823 0.806798
16.847 0.808587
16.851 0.810376
16.977 0.812165
17.040 0.813953
17.054 0.815742
17.117 0.817531
17.121 0.81932
17.124 0.821109
17.124 0.822898
17.151 0.824687
17.249 0.826476
17.302 0.828265
17.333 0.830054
17.354 0.831843
17.363 0.833631
17.372 0.83542
17.383 0.837209
17.389 0.838998
17.428 0.840787
17.515 0.842576
17.532 0.844365
17.532 0.846154
17.590 0.847943
17.621 0.849732
17.621 0.851521
17.621 0.853309
17.628 0.855098
17.668 0.856887
17.749 0.858676
17.956 0.860465
18.001 0.862254
18.027 0.864043
18.076 0.865832
18.107 0.867621
18.297 0.86941
18.364 0.871199
18.382 0.872987
18.406 0.874776
18.422 0.876565
18.469 0.878354
18.492 0.880143
18.567 0.881932
18.660 0.883721
18.690 0.88551
18.761 0.887299
18.767 0.889088
18.810 0.890877
18.838 0.892665
18.874 0.894454
18.907 0.896243
18.945 0.898032
18.968 0.899821
19.029 0.90161
19.094 0.903399
19.260 0.905188
19.264 0.906977
19.268 0.908766
19.278 0.910555
19.283 0.912343
19.457 0.914132
19.552 0.915921
19.620 0.91771
19.643 0.919499
19.699 0.921288
19.754 0.923077
20.009 0.924866
20.159 0.926655
20.232 0.928444
20.273 0.930233
20.899 0.932021
20.911 0.93381
21.004 0.935599
21.729 0.937388
21.784 0.939177
22.010 0.940966
22.029 0.942755
22.134 0.944544
22.309 0.946333
22.475 0.948122
22.583 0.949911
23.005 0.951699
23.411 0.953488
23.519 0.955277
23.907 0.957066
23.984 0.958855
24.102 0.960644
24.302 0.962433
25.737 0.964222
25.936 0.966011
26.142 0.9678
26.731 0.969589
26.900 0.971377
27.459 0.973166
30.541 0.974955
31.157 0.976744
32.053 0.978533
34.120 0.980322
35.165 0.982111
37.108 0.9839
39.937 0.985689
42.869 0.987478
43.927 0.989267
45.002 0.991055
45.714 0.992844
49.800 0.994633
50.110 0.996422
60.034 0.998211
147.263 1
