1 0.943 0.943
2 12.763 2.4205
3 13.957 3.86256
4 14.125 5.14537
5 9.051 5.63357
6 7.440 5.85937
7 17.621 7.32958
8 2.032 6.66738
9 13.765 7.55458
10 13.608 8.31126
11 13.638 8.9771
12 8.024 8.85796
13 6.391 8.54959
14 15.160 9.37589
15 1.243 8.35928
16 13.650 9.02062
17 15.543 9.83592
18 16.346 10.6497
19 10.649 10.6496
20 26.900 12.6809
21 25.936 14.3378
22 2.865 12.9037
23 12.844 12.8962
24 12.017 12.7863
25 20.899 13.8004
26 9.275 13.2347
27 8.997 12.705
28 13.505 12.805
29 2.428 11.5079
30 16.730 12.1607
31 16.199 12.6654
32 12.560 12.6523
33 15.129 12.9619
34 14.915 13.206
35 11.680 13.0152
36 2.161 11.6585
37 9.858 11.4334
38 15.163 11.8996
39 15.002 12.2874
40 15.445 12.6821
41 7.716 12.0613
42 13.149 12.1973
43 2.233 10.9518
44 9.253 10.7394
45 18.364 11.6925
46 17.621 12.4336
47 9.847 12.1102
48 7.835 11.5758
49 14.388 11.9274
50 14.985 12.3096
51 15.679 12.7307
52 9.944 12.3824
53 6.776 11.6816
54 9.022 11.3491
55 13.688 11.6415
56 1.212 10.3378
57 11.279 10.4555
58 17.363 11.3189
59 10.495 11.2159
60 13.576 11.5109
61 9.545 11.2652
62 12.394 11.4063
63 1.437 10.1601
64 15.263 10.798
65 12.693 11.0349
66 35.165 14.0511
67 8.004 13.2952
68 11.795 13.1077
69 13.551 13.1631
70 0.971 11.6391
71 9.946 11.4275
72 12.573 11.5707
73 13.507 11.8127
74 8.983 11.459
75 14.250 11.8079
76 7.657 11.289
77 2.695 10.2148
78 13.709 10.6515
79 17.302 11.4828
80 13.815 11.7744
81 7.421 11.2302
82 15.667 11.7848
83 8.269 11.3453
84 1.103 10.065
85 13.196 10.4564
86 17.621 11.352
87 17.515 12.1224
88 14.103 12.3699
89 8.395 11.8731
90 13.154 12.0332
91 2.208 10.805
92 11.897 10.9415
93 15.823 11.5517
94 13.572 11.8043
95 8.940 11.4462
96 7.889 11.0016
97 8.233 10.6555
98 2.624 9.65156
99 7.088 9.33111
100 16.797 10.2644
101 19.094 11.3681
102 11.411 11.3734
103 16.078 11.9615
104 6.140 11.2338
105 3.697 10.2917
106 9.427 10.1836
107 18.027 11.164
108 18.107 12.0319
109 12.494 12.0897
110 8.453 11.6351
111 10.239 11.4606
112 3.387 10.4514
113 9.342 10.3127
114 16.059 11.031
115 15.344 11.5701
116 7.080 11.0089
117 15.654 11.5895
118 13.110 11.7796
119 4.018 10.8094
120 19.699 11.9206
121 19.278 12.8402
122 16.823 13.3381
123 13.738 13.3881
124 13.520 13.4046
125 147.263 30.1369
126 (192.168.1.1) 26.3698
127 17.383 25.2464
128 19.552 24.5346
129 12.275 23.0022
130 7.022 21.0046
131 11.877 19.8637
132 13.651 19.0871
133 1.104 16.8392
134 11.627 16.1877
135 11.260 15.5717
136 17.956 15.8698
137 9.989 15.1347
138 6.862 14.1006
139 14.817 14.1901
140 2.624 12.7444
141 12.979 12.7737
142 16.851 13.2834
143 32.053 15.6296
144 14.150 15.4446
145 14.201 15.2892
146 10.752 14.722
147 1.648 13.0878
148 15.189 13.3504
149 11.795 13.156
150 11.197 12.9111
151 8.044 12.3027
152 13.602 12.4651
153 15.671 12.8659
154 1.267 11.416
155 15.688 11.95
156 14.621 12.2839
157 11.866 12.2316
158 15.156 12.5972
159 14.096 12.7845
160 13.434 12.8657
161 0.955 11.3769
162 10.933 11.3214
163 20.232 12.4352
164 43.927 16.3717
165 8.770 15.4215
166 15.541 15.4364
167 7.239 14.4117
168 0.942 12.728
169 13.784 12.86
170 18.874 13.6118
171 18.761 14.2554
172 13.788 14.197
173 7.439 13.3522
174 16.397 13.7328
175 1.206 12.167
176 16.505 12.7092
177 11.408 12.5466
178 22.134 13.745
179 10.857 13.384
180 6.682 12.5463
181 10.877 12.3376
182 1.051 10.9268
183 7.654 10.5177
184 10.354 10.4972
185 21.784 11.9081
186 9.536 11.6116
187 14.988 12.0336
188 6.678 11.3642
189 0.931 10.06
190 16.847 10.9084
191 16.608 11.6208
192 13.985 11.9164
193 12.687 12.0127
194 20.273 13.0452
195 12.107 12.928
196 (192.168.1.1) 11.312
197 12.426 11.4512
198 12.547 11.5882
199 10.588 11.4632
200 14.912 11.8943
201 11.902 11.8952
202 7.378 11.3306
203 1.015 10.0411
204 12.875 10.3954
205 17.040 11.2259
206 17.668 12.0312
207 12.709 12.1159
208 7.641 11.5566
209 8.000 11.112
210 1.043 9.85337
211 13.759 10.3416
212 15.598 10.9986
213 15.333 11.5404
214 10.521 11.413
215 13.455 11.6682
216 13.445 11.8903
217 1.069 10.5377
218 17.054 11.3522
219 14.541 11.7508
220 14.558 12.1017
221 8.472 11.648
222 15.187 12.0904
223 12.711 12.168
224 1.057 10.7791
225 14.866 11.2899
226 14.818 11.731
227 14.497 12.0767
228 15.502 12.5049
229 13.376 12.6138
230 8.190 12.0608
231 1.093 10.6898
232 12.229 10.8822
233 22.010 12.2732
234 22.029 13.4927
235 8.157 12.8257
236 8.880 12.3325
237 6.969 11.6621
238 1.940 10.4468
239 19.620 11.5934
240 26.142 13.412
241 23.411 14.6619
242 14.519 14.644
243 23.907 15.8019
244 16.210 15.8529
245 3.143 14.2642
246 50.110 18.7449
247 49.800 22.6268
248 24.302 22.8362
249 24.102 22.9944
250 13.903 21.858
251 18.907 21.4891
252 1.512 18.992
253 11.341 18.0356
254 30.541 19.5988
255 45.714 22.8632
256 7.247 20.9112
257 14.255 20.0791
258 9.264 18.7272
259 1.384 16.5593
260 12.062 15.9972
261 20.911 16.6114
262 18.567 16.8559
263 13.410 16.4251
264 6.738 15.2142
265 13.157 14.9571
266 1.847 13.3183
267 19.643 14.1089
268 19.264 14.7533
269 19.268 15.3176
270 19.457 15.835
271 16.400 15.9057
272 13.989 15.6661
273 1.465 13.8909
274 14.324 13.9451
275 20.159 14.7218
276 20.009 15.3827
277 15.328 15.3759
278 15.398 15.3786
279 7.216 14.3583
280 1.109 12.7021
281 17.428 13.2929
282 17.354 13.8005
283 22.475 14.8848
284 7.681 13.9844
285 15.793 14.2104
286 13.246 14.0899
287 1.131 12.47
288 12.419 12.4636
289 18.838 13.2604
290 26.731 14.9443
291 13.940 14.8187
292 7.185 13.8645
293 14.235 13.9108
294 1.347 12.3403
295 9.212 11.9493
296 18.690 12.7919
297 16.713 13.282
298 7.216 12.5238
299 8.520 12.0233
300 12.014 12.0221
301 1.275 10.6787
302 9.141 10.4865
303 18.968 11.5467
304 18.660 12.4359
305 9.641 12.0865
306 15.990 12.5744
307 16.496 13.0646
308 1.126 11.5723
309 9.554 11.32
310 19.754 12.3743
311 17.372 12.999
312 8.885 12.4847
313 7.503 11.862
314 7.780 11.3518
315 9.141 11.0754
316 17.121 11.8311
317 15.491 12.2886
318 15.097 12.6397
319 13.838 12.7894
320 14.040 12.9458
321 15.171 13.2239
322 18.001 13.8211
323 21.004 14.7189
324 21.729 15.5952
325 13.372 15.3173
326 7.213 14.3042
327 16.499 14.5786
328 15.965 14.7519
329 45.002 18.5332
330 23.005 19.0921
331 7.789 17.6792
332 15.772 17.4408
333 1.692 15.4722
334 16.247 15.5691
335 15.274 15.5322
336 14.233 15.3698
337 13.712 15.1626
338 15.475 15.2016
339 14.557 15.121
340 1.451 13.4123
341 14.540 13.5533
342 11.667 13.3175
343 18.767 13.9987
344 13.759 13.9687
345 8.688 13.3086
346 14.955 13.5144
347 2.018 12.0774
348 7.208 11.4687
349 16.809 12.1362
350 15.120 12.5092
351 6.847 11.8014
352 6.812 11.1777
353 14.650 11.6118
354 1.480 10.3453
355 9.530 10.2434
356 18.945 11.3311
357 17.590 12.1135
358 10.674 11.9335
359 15.372 12.3633
360 11.615 12.2698
361 2.126 11.0018
362 11.844 11.1071
363 16.332 11.7602
364 16.071 12.2991
365 10.411 12.063
366 12.047 12.061
367 13.250 12.2097
368 1.099 10.8208
369 7.139 10.3606
370 17.389 11.2392
371 17.532 12.0258
372 8.865 11.6307
373 8.277 11.2115
374 13.330 11.4763
375 1.303 10.2046
376 8.056 9.93604
377 17.151 10.8379
378 15.347 11.4015
379 9.878 11.2111
380 16.082 11.82
381 15.424 12.2705
382 3.779 11.209
383 19.283 12.2183
384 23.984 13.689
385 19.260 14.3854
386 12.585 14.1603
387 8.082 13.4005
388 15.019 13.6028
389 1.204 12.053
390 10.560 11.8664
391 31.157 14.2777
392 17.333 14.6596
393 12.284 14.3627
394 13.670 14.2761
395 10.040 13.7466
396 1.017 12.1554
397 9.380 11.8084
398 17.124 12.4729
399 39.937 15.9059
400 8.372 14.9642
401 8.299 14.131
402 7.431 13.2935
403 1.069 11.7655
404 14.957 12.1644
405 18.422 12.9466
406 14.299 13.1156
407 12.477 13.0358
408 12.500 12.9688
409 14.688 13.1837
410 1.018 11.663
411 13.856 11.9371
412 13.514 12.1342
413 12.253 12.1491
414 7.603 11.5808
415 12.154 11.6525
416 13.781 11.9185
417 10.177 11.7008
418 22.583 13.0611
419 10.418 12.7307
420 12.412 12.6909
421 16.188 13.128
422 9.503 12.6749
423 18.810 13.4418
424 23.519 14.7014
425 13.604 14.5643
426 8.375 13.7906
427 13.656 13.7738
428 13.723 13.7674
429 1.224 12.1995
430 10.505 11.9877
431 12.563 12.0596
432 11.024 11.9302
433 14.508 12.2524
434 7.180 11.6183
435 11.718 11.6308
436 1.118 10.3167
437 8.988 10.1506
438 17.628 11.0853
439 16.810 11.8009
440 7.321 11.2409
441 10.627 11.1642
442 14.327 11.5595
443 1.002 10.2398
444 9.929 10.201
445 18.076 11.1853
446 16.480 11.8472
447 7.446 11.297
448 7.806 10.8607
449 14.533 11.3197
450 1.799 10.1296
451 12.281 10.3985
452 16.746 11.192
453 37.108 14.4315
454 13.514 14.3168
455 7.172 13.4237
456 6.895 12.6076
457 1.215 11.1835
458 13.817 11.5127
459 17.249 12.2297
460 42.869 16.0597
461 12.183 15.5751
462 8.481 14.6883
463 16.233 14.8814
464 1.248 13.1772
465 7.427 12.4584
466 16.353 12.9453
467 16.552 13.3961
468 8.992 12.8456
469 14.635 13.0693
470 14.637 13.2652
471 1.343 11.775
472 14.528 12.1191
473 34.120 14.8692
474 16.094 15.0223
475 11.474 14.5788
476 13.142 14.3992
477 13.861 14.3319
478 1.196 12.6899
479 14.896 12.9657
480 12.068 12.8535
481 60.034 18.751
482 8.135 17.424
483 14.438 17.0508
484 8.482 15.9797
485 1.015 14.1091
486 13.647 14.0513
487 13.346 13.9632
488 25.737 15.4349
489 14.378 15.3028
490 15.089 15.2761
491 14.908 15.2301
492 1.415 13.5032
493 9.401 12.9904
494 12.676 12.9511
495 10.973 12.7038
496 9.247 12.2717
497 7.973 11.7344
498 7.560 11.2126
499 2.541 10.1286
500 18.382 11.1603
501 16.485 11.8259
502 15.534 12.2894
503 7.075 11.6376
504 14.457 11.99
505 7.990 11.49
506 1.251 10.2102
507 8.716 10.0234
508 17.117 10.9101
509 14.938 11.4136
510 10.604 11.3124
511 14.649 11.7295
512 13.433 11.9424
513 1.334 10.6163
514 7.884 10.2748
515 15.963 10.9858
516 16.450 11.6689
517 13.907 11.9486
518 14.871 12.3139
519 11.766 12.2454
520 0.991 10.8386
521 9.272 10.6428
522 16.701 11.4001
523 17.124 12.1156
524 11.977 12.0982
525 9.071 11.7198
526 13.597 11.9545
527 1.149 10.6038
528 13.482 10.9636
529 12.352 11.1371
530 19.029 12.1236
531 9.237 11.7628
532 12.861 11.9001
533 13.811 12.1389
534 2.342 10.9143
535 17.532 11.7415
536 16.592 12.3478
537 27.459 14.2367
538 10.582 13.7799
539 9.877 13.292
540 12.738 13.2228
541 1.972 11.8164
542 7.780 11.3119
543 17.749 12.1165
544 16.977 12.7241
545 9.927 12.3744
546 14.946 12.6959
547 14.055 12.8658
548 1.006 11.3833
549 12.740 11.5529
550 18.406 12.4095
551 18.469 13.167
552 7.584 12.4691
553 8.842 12.0157
554 15.413 12.4404
555 2.499 11.1977
556 16.195 11.8224
557 18.492 12.6561
558 18.297 13.3612
559 8.256 12.723
560 11.126 12.5234
561 22.309 13.7466
