0.943
12.763
13.957
14.125
9.051
7.440
17.621
2.032
13.765
13.608
13.638
8.024
6.391
15.160
1.243
13.650
15.543
16.346
10.649
26.900
25.936
2.865
12.844
12.017
20.899
9.275
8.997
13.505
2.428
16.730
16.199
12.560
15.129
14.915
11.680
2.161
9.858
15.163
15.002
15.445
7.716
13.149
2.233
9.253
18.364
17.621
9.847
7.835
14.388
14.985
15.679
9.944
6.776
9.022
13.688
1.212
11.279
17.363
10.495
13.576
9.545
12.394
1.437
15.263
12.693
35.165
8.004
11.795
13.551
0.971
9.946
12.573
13.507
8.983
14.250
7.657
2.695
13.709
17.302
13.815
7.421
15.667
8.269
1.103
13.196
17.621
17.515
14.103
8.395
13.154
2.208
11.897
15.823
13.572
8.940
7.889
8.233
2.624
7.088
16.797
19.094
11.411
16.078
6.140
3.697
9.427
18.027
18.107
12.494
8.453
10.239
3.387
9.342
16.059
15.344
7.080
15.654
13.110
4.018
19.699
19.278
16.823
13.738
13.520
147.263
(192.168.1.1)
17.383
19.552
12.275
7.022
11.877
13.651
1.104
11.627
11.260
17.956
9.989
6.862
14.817
2.624
12.979
16.851
32.053
14.150
14.201
10.752
1.648
15.189
11.795
11.197
8.044
13.602
15.671
1.267
15.688
14.621
11.866
15.156
14.096
13.434
0.955
10.933
20.232
43.927
8.770
15.541
7.239
0.942
13.784
18.874
18.761
13.788
7.439
16.397
1.206
16.505
11.408
22.134
10.857
6.682
10.877
1.051
7.654
10.354
21.784
9.536
14.988
6.678
0.931
16.847
16.608
13.985
12.687
20.273
12.107
(192.168.1.1)
12.426
12.547
10.588
14.912
11.902
7.378
1.015
12.875
17.040
17.668
12.709
7.641
8.000
1.043
13.759
15.598
15.333
10.521
13.455
13.445
1.069
17.054
14.541
14.558
8.472
15.187
12.711
1.057
14.866
14.818
14.497
15.502
13.376
8.190
1.093
12.229
22.010
22.029
8.157
8.880
6.969
1.940
19.620
26.142
23.411
14.519
23.907
16.210
3.143
50.110
49.800
24.302
24.102
13.903
18.907
1.512
11.341
30.541
45.714
7.247
14.255
9.264
1.384
12.062
20.911
18.567
13.410
6.738
13.157
1.847
19.643
19.264
19.268
19.457
16.400
13.989
1.465
14.324
20.159
20.009
15.328
15.398
7.216
1.109
17.428
17.354
22.475
7.681
15.793
13.246
1.131
12.419
18.838
26.731
13.940
7.185
14.235
1.347
9.212
18.690
16.713
7.216
8.520
12.014
1.275
9.141
18.968
18.660
9.641
15.990
16.496
1.126
9.554
19.754
17.372
8.885
7.503
7.780
9.141
17.121
15.491
15.097
13.838
14.040
15.171
18.001
21.004
21.729
13.372
7.213
16.499
15.965
45.002
23.005
7.789
15.772
1.692
16.247
15.274
14.233
13.712
15.475
14.557
1.451
14.540
11.667
18.767
13.759
8.688
14.955
2.018
7.208
16.809
15.120
6.847
6.812
14.650
1.480
9.530
18.945
17.590
10.674
15.372
11.615
2.126
11.844
16.332
16.071
10.411
12.047
13.250
1.099
7.139
17.389
17.532
8.865
8.277
13.330
1.303
8.056
17.151
15.347
9.878
16.082
15.424
3.779
19.283
23.984
19.260
12.585
8.082
15.019
1.204
10.560
31.157
17.333
12.284
13.670
10.040
1.017
9.380
17.124
39.937
8.372
8.299
7.431
1.069
14.957
18.422
14.299
12.477
12.500
14.688
1.018
13.856
13.514
12.253
7.603
12.154
13.781
10.177
22.583
10.418
12.412
16.188
9.503
18.810
23.519
13.604
8.375
13.656
13.723
1.224
10.505
12.563
11.024
14.508
7.180
11.718
1.118
8.988
17.628
16.810
7.321
10.627
14.327
1.002
9.929
18.076
16.480
7.446
7.806
14.533
1.799
12.281
16.746
37.108
13.514
7.172
6.895
1.215
13.817
17.249
42.869
12.183
8.481
16.233
1.248
7.427
16.353
16.552
8.992
14.635
14.637
1.343
14.528
34.120
16.094
11.474
13.142
13.861
1.196
14.896
12.068
60.034
8.135
14.438
8.482
1.015
13.647
13.346
25.737
14.378
15.089
14.908
1.415
9.401
12.676
10.973
9.247
7.973
7.560
2.541
18.382
16.485
15.534
7.075
14.457
7.990
1.251
8.716
17.117
14.938
10.604
14.649
13.433
1.334
7.884
15.963
16.450
13.907
14.871
11.766
0.991
9.272
16.701
17.124
11.977
9.071
13.597
1.149
13.482
12.352
19.029
9.237
12.861
13.811
2.342
17.532
16.592
27.459
10.582
9.877
12.738
1.972
7.780
17.749
16.977
9.927
14.946
14.055
1.006
12.740
18.406
18.469
7.584
8.842
15.413
2.499
16.195
18.492
18.297
8.256
11.126
22.309
