0.931
0.942
0.943
0.955
0.971
0.991
1.002
1.006
1.015
1.015
1.017
1.018
1.043
1.051
1.057
1.069
1.069
1.093
1.099
1.103
1.104
1.109
1.118
1.126
1.131
1.149
1.196
1.204
1.206
1.212
1.215
1.224
1.243
1.248
1.251
1.267
1.275
1.303
1.334
1.343
1.347
1.384
1.415
1.437
1.451
1.465
1.480
1.512
1.648
1.692
1.799
1.847
1.940
1.972
2.018
2.032
2.126
2.161
2.208
2.233
2.342
2.428
2.499
2.541
2.624
2.624
2.695
2.865
3.143
3.387
3.697
3.779
4.018
6.140
6.391
6.678
6.682
6.738
6.776
6.812
6.847
6.862
6.895
6.969
7.022
7.075
7.080
7.088
7.139
7.172
7.180
7.185
7.208
7.213
7.216
7.216
7.239
7.247
7.321
7.378
7.421
7.427
7.431
7.439
7.440
7.446
7.503
7.560
7.584
7.603
7.641
7.654
7.657
7.681
7.716
7.780
7.780
7.789
7.806
7.835
7.884
7.889
7.973
7.990
8.000
8.004
8.024
8.044
8.056
8.082
8.135
8.157
8.190
8.233
8.256
8.269
8.277
8.299
8.372
8.375
8.395
8.453
8.472
8.481
8.482
8.520
8.688
8.716
8.770
8.842
8.865
8.880
8.885
8.940
8.983
8.988
8.992
8.997
9.022
9.051
9.071
9.141
9.141
9.212
9.237
9.247
9.253
9.264
9.272
9.275
9.342
9.380
9.401
9.427
9.503
9.530
9.536
9.545
9.554
9.641
9.847
9.858
9.877
9.878
9.927
9.929
9.944
9.946
9.989
10.040
10.177
10.239
10.354
10.411
10.418
10.495
10.505
10.521
10.560
10.582
10.588
10.604
10.627
10.649
10.674
10.752
10.857
10.877
10.933
10.973
11.024
11.126
11.197
11.260
11.279
11.341
11.408
11.411
11.474
11.615
11.627
11.667
11.680
11.718
11.766
11.795
11.795
11.844
11.866
11.877
11.897
11.902
11.977
12.014
12.017
12.047
12.062
12.068
12.107
12.154
12.183
12.229
12.253
12.275
12.281
12.284
12.352
12.394
12.412
12.419
12.426
12.477
12.494
12.500
12.547
12.560
12.563
12.573
12.585
12.676
12.687
12.693
12.709
12.711
12.738
12.740
12.763
12.844
12.861
12.875
12.979
13.110
13.142
13.149
13.154
13.157
13.196
13.246
13.250
13.330
13.346
13.372
13.376
13.410
13.433
13.434
13.445
13.455
13.482
13.505
13.507
13.514
13.514
13.520
13.551
13.572
13.576
13.597
13.602
13.604
13.608
13.638
13.647
13.650
13.651
13.656
13.670
13.688
13.709
13.712
13.723
13.738
13.759
13.759
13.765
13.781
13.784
13.788
13.811
13.815
13.817
13.838
13.856
13.861
13.903
13.907
13.940
13.957
13.985
13.989
14.040
14.055
14.096
14.103
14.125
14.150
14.201
14.233
14.235
14.250
14.255
14.299
14.324
14.327
14.378
14.388
14.438
14.457
14.497
14.508
14.519
14.528
14.533
14.540
14.541
14.557
14.558
14.621
14.635
14.637
14.649
14.650
14.688
14.817
14.818
14.866
14.871
14.896
14.908
14.912
14.915
14.938
14.946
14.955
14.957
14.985
14.988
15.002
15.019
15.089
15.097
15.120
15.129
15.156
15.160
15.163
15.171
15.187
15.189
15.263
15.274
15.328
15.333
15.344
15.347
15.372
15.398
15.413
15.424
15.445
15.475
15.491
15.502
15.534
15.541
15.543
15.598
15.654
15.667
15.671
15.679
15.688
15.772
15.793
15.823
15.963
15.965
15.990
16.059
16.071
16.078
16.082
16.094
16.188
16.195
16.199
16.210
16.233
16.247
16.332
16.346
16.353
16.397
16.400
16.450
16.480
16.485
16.496
16.499
16.505
16.552
16.592
16.608
16.701
16.713
16.730
16.746
16.797
16.809
16.810
16.823
16.847
16.851
16.977
17.040
17.054
17.117
17.121
17.124
17.124
17.151
17.249
17.302
17.333
17.354
17.363
17.372
17.383
17.389
17.428
17.515
17.532
17.532
17.590
17.621
17.621
17.621
17.628
17.668
17.749
17.956
18.001
18.027
18.076
18.107
18.297
18.364
18.382
18.406
18.422
18.469
18.492
18.567
18.660
18.690
18.761
18.767
18.810
18.838
18.874
18.907
18.945
18.968
19.029
19.094
19.260
19.264
19.268
19.278
19.283
19.457
19.552
19.620
19.643
19.699
19.754
20.009
20.159
20.232
20.273
20.899
20.911
21.004
21.729
21.784
22.010
22.029
22.134
22.309
22.475
22.583
23.005
23.411
23.519
23.907
23.984
24.102
24.302
25.737
25.936
26.142
26.731
26.900
27.459
30.541
31.157
32.053
34.120
35.165
37.108
39.937
42.869
43.927
45.002
45.714
49.800
50.110
60.034
147.263
